num_bikes_available,num_bikes_available_types.mechanical,num_bikes_available_types.ebike,num_docks_available,last_reported
0,0,0,27,1669849136
0,0,0,27,1669849401
0,0,0,27,1669849666
0,0,0,27,1669849936
0,0,0,27,1669850202
0,0,0,27,1669850470
0,0,0,27,1669850734
0,0,0,27,1669851265
0,0,0,27,1669851534
0,0,0,27,1669851798
0,0,0,27,1669852066
0,0,0,27,1669852378
0,0,0,27,1669852645
0,0,0,27,1669852914
0,0,0,27,1669853182
0,0,0,27,1669853448
0,0,0,27,1669853983
0,0,0,28,1669854242
0,0,0,28,1669854511
0,0,0,28,1669854778
0,0,0,28,1669855044
0,0,0,28,1669855312
0,0,0,28,1669855578
0,0,0,28,1669855847
0,0,0,28,1669856377
0,0,0,28,1669856645
0,0,0,28,1669856914
0,0,0,28,1669857180
0,0,0,28,1669857441
0,0,0,28,1669857707
0,0,0,28,1669857972
0,0,0,28,1669858237
0,0,0,28,1669858769
0,0,0,28,1669859036
0,0,0,28,1669859302
0,0,0,28,1669859568
0,0,0,28,1669859837
0,0,0,28,1669860103
0,0,0,28,1669860371
0,0,0,28,1669860639
0,0,0,28,1669861169
0,0,0,28,1669861437
0,0,0,28,1669861704
0,0,0,28,1669861970
0,0,0,28,1669862233
0,0,0,28,1669862500
0,0,0,28,1669862760
0,0,0,28,1669863028
0,0,0,28,1669863561
0,0,0,28,1669863826
0,0,0,28,1669864092
0,0,0,28,1669864357
0,0,0,28,1669864623
0,0,0,28,1669864890
0,0,0,28,1669865156
0,0,0,28,1669865683
0,0,0,28,1669865950
0,0,0,28,1669866214
0,0,0,28,1669866480
0,0,0,28,1669866748
0,0,0,28,1669867014
0,0,0,28,1669867282
0,0,0,28,1669867549
0,0,0,28,1669868082
0,0,0,28,1669868349
0,0,0,28,1669868613
0,0,0,28,1669868881
0,0,0,28,1669869145
0,0,0,28,1669869412
0,0,0,28,1669869676
0,0,0,28,1669869945
0,0,0,28,1669870480
0,0,0,28,1669870748
0,0,0,28,1669871014
0,0,0,28,1669871279
0,0,0,28,1669871548
0,0,0,28,1669871816
0,0,0,28,1669872083
0,0,0,28,1669872349
0,0,0,28,1669872884
0,0,0,28,1669873151
0,0,0,28,1669873416
0,0,0,28,1669873684
0,0,0,28,1669873953
0,0,0,28,1669874221
0,0,0,28,1669874488
0,0,0,28,1669874755
0,0,0,28,1669875291
0,0,0,28,1669875559
0,0,0,28,1669875826
0,0,0,28,1669876093
0,0,0,27,1669876354
0,0,0,27,1669876621
2,0,2,25,1669876886
6,1,5,21,1669877149
11,1,10,16,1669877684
18,1,17,9,1669877952
23,1,22,4,1669878221
27,1,26,0,1669878489
27,1,26,0,1669878757
27,1,26,0,1669879024
27,1,26,0,1669879287
27,1,26,0,1669879554
27,1,26,0,1669880084
26,0,26,1,1669880352
25,0,25,2,1669880617
25,0,25,2,1669880883
26,0,26,1,1669881150
27,0,27,0,1669881415
27,0,27,0,1669881682
27,0,27,0,1669881948
27,0,27,0,1669882480
27,0,27,0,1669882747
27,0,27,0,1669883016
26,0,26,1,1669883283
26,0,26,1,1669883551
26,0,26,1,1669883819
27,1,26,0,1669884081
27,1,26,0,1669884346
27,1,26,0,1669884880
27,1,26,0,1669885143
27,1,26,0,1669885404
27,1,26,0,1669885671
27,1,26,0,1669885930
26,1,25,1,1669886194
26,0,26,1,1669886458
26,0,26,1,1669886983
26,0,26,1,1669887244
27,0,27,0,1669887504
27,0,27,0,1669887773
27,0,27,0,1669888039
26,0,26,1,1669888303
27,0,27,0,1669888566
27,0,27,0,1669888832
26,0,26,1,1669889358
27,0,27,0,1669889621
27,0,27,0,1669889889
27,0,27,0,1669890155
27,0,27,0,1669890419
26,0,26,1,1669890681
26,0,26,1,1669890946
27,0,27,0,1669891469
25,0,25,2,1669891731
25,0,25,2,1669891995
25,0,25,2,1669892293
23,0,23,4,1669892555
22,0,22,5,1669892815
19,0,19,8,1669893076
19,0,19,8,1669893335
18,0,18,9,1669893857
18,0,18,9,1669894160
19,1,18,8,1669894427
11,0,11,16,1669894691
9,0,9,18,1669894955
8,0,8,19,1669895224
7,0,7,20,1669895492
7,0,7,20,1669895761
8,0,8,19,1669896298
8,0,8,19,1669896560
8,0,8,19,1669896827
8,0,8,19,1669897092
4,0,4,23,1669897360
6,0,6,21,1669897627
3,0,3,24,1669897895
4,0,4,23,1669898162
5,0,5,23,1669898692
8,0,8,20,1669898960
8,0,8,19,1669899226
8,1,7,20,1669899490
4,1,3,24,1669899756
5,0,5,22,1669900017
4,0,4,24,1669900285
3,0,3,25,1669900550
4,0,4,24,1669901082
5,0,5,23,1669901350
3,0,3,25,1669901614
1,0,1,27,1669901881
4,0,4,24,1669902150
4,0,4,24,1669902412
6,0,6,22,1669902680
8,0,8,20,1669902945
7,0,7,21,1669903477
8,0,8,20,1669903739
8,0,8,20,1669904006
8,0,8,20,1669904271
8,0,8,20,1669904535
8,0,8,20,1669904803
7,0,7,21,1669905070
4,0,4,24,1669905338
3,0,3,25,1669905867
3,0,3,25,1669906129
3,0,3,25,1669906398
2,0,2,26,1669906665
2,0,2,26,1669906933
0,0,0,27,1669907200
1,0,1,26,1669907467
1,0,1,26,1669907733
1,0,1,27,1669908273
0,0,0,28,1669908542
0,0,0,28,1669908810
1,0,1,27,1669909073
0,0,0,28,1669909339
1,0,1,27,1669909603
0,0,0,28,1669909870
1,0,1,27,1669910133
2,0,2,26,1669910664
1,0,1,27,1669910929
0,0,0,28,1669911198
0,0,0,28,1669911463
0,0,0,28,1669911727
0,0,0,28,1669911992
0,0,0,28,1669912260
0,0,0,28,1669912789
0,0,0,28,1669913056
0,0,0,28,1669913319
1,1,0,27,1669913586
2,0,2,25,1669913854
2,0,2,26,1669914121
1,0,1,27,1669914387
0,0,0,28,1669914656
0,0,0,28,1669915185
0,0,0,28,1669915449
0,0,0,28,1669915716
0,0,0,28,1669915984
0,0,0,28,1669916251
0,0,0,28,1669916518
0,0,0,28,1669916782
0,0,0,28,1669917049
0,0,0,28,1669917580
0,0,0,28,1669917849
0,0,0,28,1669918117
1,0,1,27,1669918381
0,0,0,28,1669918646
0,0,0,28,1669918915
0,0,0,28,1669919180
0,0,0,28,1669919448
0,0,0,28,1669919981
0,0,0,28,1669920244
1,0,1,27,1669920511
1,0,1,27,1669920778
1,0,1,27,1669921048
0,0,0,28,1669921316
1,0,1,27,1669921582
0,0,0,28,1669921844
0,0,0,28,1669922380
0,0,0,28,1669922642
0,0,0,28,1669922907
0,0,0,28,1669923172
0,0,0,28,1669923439
0,0,0,28,1669923707
1,0,1,27,1669923969
0,0,0,28,1669924499
0,0,0,28,1669924767
0,0,0,28,1669925034
1,0,1,27,1669925300
0,0,0,28,1669925565
0,0,0,28,1669925834
0,0,0,28,1669926100
1,0,1,27,1669926364
1,0,1,27,1669926897
1,0,1,27,1669927160
1,0,1,27,1669927428
1,0,1,27,1669927691
0,0,0,28,1669927952
0,0,0,28,1669928218
0,0,0,28,1669928485
0,0,0,28,1669928755
0,0,0,28,1669929289
1,0,1,27,1669929557
1,0,1,27,1669929822
1,0,1,27,1669930089
1,0,1,27,1669930356
1,0,1,27,1669930621
0,0,0,28,1669930887
0,0,0,28,1669931154
0,0,0,28,1669931689
0,0,0,28,1669931957
0,0,0,28,1669932225
0,0,0,28,1669932492
0,0,0,28,1669932762
0,0,0,28,1669933030
0,0,0,28,1669933297
0,0,0,28,1669933564
0,0,0,28,1669933830
0,0,0,28,1669934364
0,0,0,28,1669934631
0,0,0,28,1669934899
1,0,1,27,1669935167
1,0,1,27,1669935434
1,0,1,27,1669935702
1,0,1,27,1669935970
1,0,1,27,1669936238
1,0,1,27,1669936769
1,0,1,27,1669937037
1,0,1,27,1669937303
1,0,1,27,1669937570
1,0,1,27,1669937837
1,0,1,27,1669938104
1,0,1,27,1669938374
1,0,1,27,1669938641
1,0,1,27,1669939176
1,0,1,27,1669939440
1,0,1,27,1669939706
1,0,1,27,1669939974
0,0,0,28,1669940244
0,0,0,28,1669940508
0,0,0,28,1669940774
0,0,0,28,1669941042
0,0,0,28,1669941577
0,0,0,28,1669941846
0,0,0,28,1669942115
0,0,0,28,1669942384
0,0,0,28,1669942648
0,0,0,28,1669942914
0,0,0,28,1669943180
0,0,0,28,1669943448
0,0,0,28,1669943985
0,0,0,28,1669944251
0,0,0,28,1669944515
0,0,0,28,1669944784
0,0,0,28,1669945048
0,0,0,28,1669945317
0,0,0,28,1669945584
0,0,0,28,1669945848
0,0,0,28,1669946378
0,0,0,28,1669946643
0,0,0,28,1669946908
0,0,0,28,1669947175
0,0,0,28,1669947442
0,0,0,28,1669947715
0,0,0,28,1669947983
0,0,0,28,1669948251
0,0,0,28,1669948785
0,0,0,28,1669949049
0,0,0,28,1669949318
0,0,0,28,1669949584
0,0,0,28,1669949848
0,0,0,28,1669950117
0,0,0,28,1669950381
0,0,0,28,1669950649
0,0,0,28,1669951184
0,0,0,28,1669951448
0,0,0,28,1669951716
0,0,0,28,1669951983
0,0,0,28,1669952245
0,0,0,28,1669952510
0,0,0,28,1669952779
0,0,0,28,1669953045
0,0,0,28,1669953580
0,0,0,28,1669953843
0,0,0,28,1669954111
0,0,0,28,1669954380
0,0,0,28,1669954646
0,0,0,28,1669954913
0,0,0,28,1669955180
0,0,0,28,1669955444
0,0,0,28,1669955977
0,0,0,28,1669956244
0,0,0,28,1669956508
0,0,0,28,1669956776
0,0,0,28,1669957042
0,0,0,28,1669957311
0,0,0,28,1669957577
0,0,0,28,1669957844
0,0,0,28,1669958376
0,0,0,28,1669958642
0,0,0,28,1669958907
0,0,0,28,1669959176
0,0,0,28,1669959441
0,0,0,28,1669959706
0,0,0,28,1669959974
0,0,0,28,1669960243
0,0,0,28,1669960774
0,0,0,28,1669961043
0,0,0,28,1669961311
0,0,0,28,1669961578
0,0,0,28,1669961844
0,0,0,28,1669962111
0,0,0,28,1669962376
0,0,0,28,1669962644
0,0,0,28,1669963177
1,0,1,27,1669963445
4,0,4,24,1669963713
5,0,5,23,1669963980
11,0,11,17,1669964246
17,0,17,11,1669964512
21,1,20,7,1669964780
22,1,21,6,1669965044
23,1,22,5,1669965576
26,1,25,2,1669965839
26,1,25,2,1669966108
26,1,25,2,1669966371
26,1,25,2,1669966636
26,1,25,2,1669966906
27,1,26,1,1669967171
26,1,25,2,1669967436
19,1,18,9,1669967967
13,0,13,15,1669968232
13,0,13,15,1669968496
14,0,14,14,1669968765
15,0,15,13,1669969033
17,0,17,11,1669969300
18,0,18,10,1669969565
19,0,19,9,1669970092
20,1,19,8,1669970355
19,0,19,9,1669970620
22,0,22,6,1669970884
23,0,23,5,1669971151
27,1,26,1,1669971419
28,1,27,0,1669971689
28,1,27,0,1669971948
28,1,27,0,1669972479
27,1,26,1,1669972745
26,1,25,2,1669973010
27,1,26,1,1669973276
27,1,26,1,1669973540
28,1,27,0,1669973806
28,1,27,0,1669974071
27,1,26,1,1669974600
28,1,27,0,1669974867
28,1,27,0,1669975135
28,1,27,0,1669975398
28,1,27,0,1669975665
27,1,26,1,1669975930
26,0,26,2,1669976194
26,0,26,2,1669976456
25,0,25,3,1669976984
23,0,23,5,1669977253
23,0,23,5,1669977516
24,0,24,4,1669977781
22,0,22,6,1669978049
23,0,23,5,1669978315
23,0,23,5,1669978575
22,0,22,6,1669978838
22,0,22,6,1669979374
22,0,22,6,1669979641
21,0,21,7,1669979902
21,0,21,7,1669980167
21,0,21,7,1669980467
21,0,21,7,1669980728
21,0,21,7,1669980988
21,0,21,7,1669981247
21,0,21,7,1669981764
22,0,22,6,1669982023
22,0,22,6,1669982327
21,0,21,7,1669982596
20,0,20,8,1669982864
20,0,20,8,1669983130
18,0,18,10,1669983404
18,0,18,10,1669983673
17,0,17,11,1669983941
17,0,17,11,1669984473
17,0,17,11,1669984747
17,0,17,11,1669985012
18,0,18,10,1669985278
18,0,18,10,1669985543
18,0,18,10,1669985810
18,0,18,10,1669986079
13,0,13,15,1669986341
9,0,9,19,1669986876
8,0,8,20,1669987140
7,0,7,21,1669987408
6,0,6,22,1669987677
7,0,7,21,1669987943
5,0,5,23,1669988212
4,1,3,24,1669988477
2,1,1,26,1669988744
1,0,1,27,1669989277
1,0,1,27,1669989541
1,0,1,27,1669989805
1,0,1,27,1669990072
1,0,1,26,1669990340
1,0,1,27,1669990608
1,0,1,27,1669990871
1,0,1,27,1669991137
0,0,0,28,1669991667
0,0,0,28,1669991933
1,0,1,27,1669992200
1,0,1,27,1669992467
1,0,1,27,1669992732
3,0,3,25,1669992997
4,0,4,24,1669993265
3,0,3,25,1669993799
1,0,1,27,1669994066
1,0,1,27,1669994329
0,0,0,28,1669994594
0,0,0,28,1669994863
0,0,0,28,1669995131
0,0,0,28,1669995395
1,0,1,27,1669995658
1,0,1,27,1669996192
1,0,1,27,1669996458
1,0,1,27,1669996725
1,0,1,27,1669996992
2,0,2,26,1669997260
3,1,2,25,1669997528
2,0,2,26,1669997791
2,0,2,26,1669998054
2,0,2,26,1669998582
2,0,2,26,1669998842
1,0,1,27,1669999109
1,0,1,27,1669999374
1,0,1,27,1669999640
1,0,1,27,1669999906
0,0,0,28,1670000167
1,0,1,27,1670000433
2,0,2,26,1670000971
1,0,1,27,1670001237
1,0,1,27,1670001505
1,0,1,27,1670001770
1,0,1,27,1670002035
0,0,0,28,1670002305
1,0,1,27,1670002573
1,0,1,27,1670002834
1,0,1,27,1670003362
1,0,1,27,1670003629
3,0,3,25,1670003895
2,0,2,26,1670004160
1,0,1,27,1670004429
1,0,1,27,1670004694
1,0,1,27,1670004958
1,0,1,27,1670005494
0,0,0,28,1670005760
0,0,0,28,1670006027
0,0,0,28,1670006294
1,0,1,27,1670006561
1,0,1,27,1670006827
1,0,1,27,1670007090
0,0,0,28,1670007357
0,0,0,28,1670007888
0,0,0,28,1670008152
1,0,1,27,1670008420
1,0,1,27,1670008688
0,0,0,28,1670008957
0,0,0,28,1670009226
0,0,0,28,1670009493
1,0,1,27,1670009762
1,0,1,27,1670010027
1,0,1,27,1670010565
2,0,2,26,1670010833
3,0,3,25,1670011098
0,0,0,28,1670011365
0,0,0,28,1670011633
0,0,0,28,1670011900
0,0,0,28,1670012168
0,0,0,28,1670012435
0,0,0,28,1670012971
0,0,0,28,1670013237
0,0,0,28,1670013505
0,0,0,28,1670013776
0,0,0,28,1670014044
0,0,0,28,1670014310
0,0,0,28,1670014578
0,0,0,28,1670014845
0,0,0,28,1670015381
0,0,0,28,1670015645
0,0,0,28,1670015913
0,0,0,28,1670016178
0,0,0,28,1670016447
0,0,0,28,1670016715
1,0,1,27,1670016982
2,0,2,26,1670017253
1,0,1,27,1670017784
1,0,1,27,1670018050
1,0,1,27,1670018315
1,0,1,27,1670018582
1,0,1,27,1670018851
1,0,1,27,1670019115
1,0,1,27,1670019378
1,0,1,27,1670019642
2,0,2,26,1670020173
2,0,2,26,1670020438
2,0,2,26,1670020706
2,0,2,26,1670020972
2,0,2,26,1670021239
2,0,2,26,1670021503
2,0,2,26,1670021772
2,0,2,26,1670022036
2,0,2,26,1670022571
2,0,2,26,1670022840
2,0,2,26,1670023109
2,0,2,26,1670023372
2,0,2,26,1670023638
2,0,2,26,1670023898
2,0,2,26,1670024157
2,0,2,26,1670024690
2,0,2,26,1670024958
2,0,2,26,1670025225
2,0,2,26,1670025493
2,0,2,26,1670025757
2,0,2,26,1670026023
2,0,2,26,1670026289
2,0,2,26,1670026556
2,0,2,26,1670027085
2,0,2,26,1670027347
3,0,3,25,1670027613
3,0,3,25,1670027882
3,0,3,25,1670028148
3,0,3,25,1670028413
3,0,3,25,1670028680
3,0,3,25,1670028948
3,0,3,25,1670029481
3,0,3,25,1670029749
3,0,3,25,1670030016
3,0,3,25,1670030278
3,0,3,25,1670030542
3,0,3,25,1670030808
3,0,3,25,1670031073
3,0,3,25,1670031339
3,0,3,25,1670031869
3,0,3,25,1670032135
3,0,3,25,1670032402
3,0,3,25,1670032665
3,0,3,25,1670032930
3,0,3,25,1670033198
3,0,3,25,1670033467
3,0,3,25,1670033732
4,0,4,24,1670034269
4,0,4,24,1670034536
4,0,4,24,1670034804
4,0,4,24,1670035069
4,0,4,24,1670035336
4,0,4,24,1670035600
4,0,4,24,1670035865
4,0,4,24,1670036132
4,0,4,24,1670036665
4,0,4,24,1670036934
4,0,4,24,1670037199
4,0,4,24,1670037462
4,0,4,24,1670037728
4,0,4,24,1670037995
4,0,4,24,1670038261
4,0,4,24,1670038794
4,0,4,24,1670039060
4,0,4,24,1670039329
4,0,4,24,1670039591
4,0,4,24,1670039855
4,0,4,24,1670040122
4,0,4,24,1670040390
4,0,4,24,1670040655
4,0,4,24,1670041186
4,0,4,24,1670041452
4,0,4,24,1670041718
4,0,4,24,1670041986
4,0,4,24,1670042253
4,0,4,24,1670042513
4,0,4,24,1670042778
4,0,4,24,1670043045
4,0,4,24,1670043578
4,0,4,24,1670043843
4,0,4,24,1670044109
4,0,4,24,1670044376
4,0,4,24,1670044642
4,0,4,24,1670044909
4,0,4,24,1670045177
4,0,4,24,1670045445
4,0,4,24,1670045978
4,0,4,24,1670046245
4,0,4,24,1670046508
3,0,3,25,1670046776
3,0,3,25,1670047045
3,0,3,25,1670047314
3,0,3,25,1670047580
3,0,3,25,1670047848
3,0,3,25,1670048376
3,0,3,25,1670048643
3,0,3,25,1670048906
3,0,3,25,1670049174
3,0,3,25,1670049439
3,0,3,25,1670049705
3,0,3,25,1670049967
3,0,3,25,1670050496
3,0,3,25,1670050758
3,0,3,25,1670051025
3,0,3,25,1670051290
3,0,3,25,1670051555
3,0,3,25,1670051816
3,0,3,25,1670052084
2,0,2,26,1670052349
2,0,2,26,1670052879
2,0,2,26,1670053142
2,0,2,26,1670053409
1,0,1,27,1670053674
1,0,1,27,1670053942
1,0,1,27,1670054204
1,0,1,27,1670054470
0,0,0,28,1670054736
1,0,1,27,1670055260
1,0,1,27,1670055524
1,0,1,27,1670055795
1,0,1,27,1670056063
1,0,1,27,1670056329
1,0,1,27,1670056593
1,0,1,27,1670056857
1,0,1,27,1670057389
1,0,1,27,1670057653
3,0,3,25,1670057917
5,0,5,23,1670058184
5,0,5,23,1670058448
5,0,5,23,1670058715
5,0,5,23,1670058982
7,0,7,21,1670059249
8,0,8,20,1670059781
10,0,10,18,1670060047
10,0,10,18,1670060315
9,0,9,19,1670060579
9,0,9,19,1670060846
9,0,9,19,1670061112
9,0,9,19,1670061379
9,0,9,19,1670061640
9,0,9,19,1670062175
9,0,9,19,1670062442
9,0,9,19,1670062706
9,0,9,19,1670062972
9,0,9,19,1670063233
9,0,9,19,1670063502
9,0,9,19,1670063768
9,0,9,19,1670064032
9,0,9,19,1670064566
8,0,8,20,1670064831
8,0,8,20,1670065098
8,0,8,20,1670065366
8,0,8,20,1670065634
7,0,7,21,1670065901
7,0,7,21,1670066165
7,0,7,21,1670066433
7,0,7,21,1670066966
6,0,6,22,1670067233
5,0,5,23,1670067500
5,0,5,23,1670067766
5,0,5,23,1670068033
6,0,6,22,1670068298
6,0,6,22,1670068568
7,0,7,21,1670068866
6,0,6,22,1670069392
6,0,6,22,1670069652
6,0,6,22,1670069912
6,0,6,22,1670070172
6,0,6,22,1670070433
6,0,6,22,1670070736
6,0,6,22,1670070999
6,0,6,22,1670071265
6,0,6,22,1670071797
6,0,6,22,1670071797
5,0,5,23,1670072367
5,0,5,23,1670072634
5,0,5,23,1670072902
3,0,3,25,1670073170
3,0,3,25,1670073436
3,0,3,25,1670073706
3,0,3,25,1670073974
3,0,3,25,1670074242
3,0,3,25,1670074776
3,0,3,25,1670075041
3,0,3,25,1670075308
3,0,3,25,1670075574
5,0,5,23,1670075844
5,0,5,23,1670076111
5,0,5,23,1670076375
6,0,6,22,1670076642
6,0,6,22,1670077172
6,0,6,22,1670077439
6,0,6,22,1670077707
7,0,7,21,1670077973
6,0,6,22,1670078240
6,0,6,22,1670078507
6,0,6,22,1670078778
6,0,6,22,1670079040
6,0,6,22,1670079575
6,0,6,22,1670079843
7,1,6,21,1670080110
7,1,6,21,1670080375
7,1,6,21,1670080645
7,1,6,21,1670080912
7,1,6,21,1670081176
7,1,6,21,1670081443
7,1,6,21,1670081976
7,1,6,21,1670082244
7,1,6,21,1670082508
7,1,6,21,1670082772
7,1,6,21,1670083041
7,1,6,21,1670083307
7,1,6,21,1670083571
7,1,6,21,1670083839
7,1,6,21,1670084376
7,1,6,21,1670084644
7,1,6,21,1670084907
6,1,5,22,1670085175
5,1,4,23,1670085442
5,1,4,23,1670085710
3,1,2,25,1670085975
1,0,1,26,1670086240
1,0,1,26,1670086771
1,0,1,26,1670087036
1,0,1,26,1670087302
1,0,1,26,1670087566
1,0,1,26,1670087834
1,0,1,26,1670088097
2,0,2,25,1670088365
2,0,2,25,1670088633
2,0,2,25,1670089164
2,0,2,25,1670089430
2,0,2,25,1670089698
2,0,2,25,1670089963
2,0,2,25,1670090228
2,0,2,25,1670090494
3,0,3,24,1670090759
3,0,3,24,1670091295
3,0,3,24,1670091562
3,0,3,24,1670091830
5,0,5,22,1670092099
5,0,5,22,1670092366
5,0,5,22,1670092632
4,0,4,23,1670092898
3,0,3,24,1670093166
3,0,3,24,1670093695
3,0,3,24,1670093962
1,0,1,26,1670094230
2,1,1,25,1670094496
2,1,1,25,1670094762
2,1,1,25,1670095030
2,1,1,25,1670095296
2,1,1,25,1670095562
1,0,1,25,1670096096
1,0,1,26,1670096362
0,0,0,27,1670096630
0,0,0,27,1670096898
0,0,0,27,1670097165
0,0,0,27,1670097433
0,0,0,27,1670097697
0,0,0,27,1670097964
0,0,0,27,1670098499
0,0,0,27,1670098762
0,0,0,27,1670099032
0,0,0,27,1670099297
0,0,0,27,1670099567
0,0,0,27,1670099836
0,0,0,27,1670100099
0,0,0,27,1670100363
1,0,1,26,1670100896
1,0,1,26,1670101167
1,0,1,26,1670101433
1,0,1,26,1670101700
1,0,1,26,1670101967
1,0,1,26,1670102234
1,0,1,26,1670102498
1,0,1,26,1670102763
1,0,1,26,1670103293
1,0,1,26,1670103560
2,0,2,25,1670103828
2,0,2,25,1670104092
2,0,2,25,1670104360
2,0,2,25,1670104628
2,0,2,25,1670104895
2,0,2,25,1670105160
2,0,2,25,1670105690
2,0,2,25,1670105958
2,0,2,25,1670106225
2,0,2,25,1670106494
2,0,2,25,1670106761
2,0,2,25,1670107028
2,0,2,25,1670107296
2,0,2,25,1670107560
2,0,2,25,1670108094
2,0,2,25,1670108359
2,0,2,25,1670108626
2,0,2,25,1670108892
2,0,2,25,1670109156
2,0,2,25,1670109425
2,0,2,25,1670109688
2,0,2,25,1670109957
2,0,2,25,1670110493
2,0,2,25,1670110760
2,0,2,25,1670111027
2,0,2,25,1670111294
2,0,2,25,1670111556
2,0,2,25,1670111824
2,0,2,25,1670112092
2,0,2,25,1670112358
2,0,2,25,1670112892
2,0,2,25,1670113157
2,0,2,25,1670113424
2,0,2,25,1670113692
2,0,2,25,1670113958
3,0,3,24,1670114225
3,0,3,24,1670114491
3,0,3,24,1670114757
3,0,3,24,1670115289
3,0,3,24,1670115558
3,0,3,24,1670115823
3,0,3,24,1670116088
3,0,3,24,1670116356
3,0,3,24,1670116621
3,0,3,24,1670116889
3,0,3,24,1670117157
3,0,3,24,1670117689
3,0,3,24,1670117956
3,0,3,24,1670118226
3,0,3,24,1670118491
3,0,3,24,1670118757
3,0,3,24,1670119025
3,0,3,24,1670119293
3,0,3,24,1670119558
3,0,3,24,1670120092
3,0,3,24,1670120360
3,0,3,24,1670120628
3,0,3,24,1670120891
3,0,3,24,1670121159
3,0,3,24,1670121430
3,0,3,24,1670121693
3,0,3,24,1670121958
3,0,3,24,1670122493
3,0,3,24,1670122760
3,0,3,24,1670123027
3,0,3,24,1670123293
3,0,3,24,1670123561
3,0,3,24,1670123827
3,0,3,24,1670124095
3,0,3,24,1670124362
3,0,3,24,1670124889
3,0,3,24,1670125156
3,0,3,24,1670125423
3,0,3,24,1670125692
3,0,3,24,1670125960
3,0,3,24,1670126226
3,0,3,24,1670126491
3,0,3,24,1670126759
3,0,3,24,1670127294
3,0,3,24,1670127560
3,0,3,24,1670127828
3,0,3,24,1670128099
3,0,3,24,1670128368
3,0,3,24,1670128633
3,0,3,24,1670128901
3,0,3,24,1670129169
3,0,3,24,1670129436
3,0,3,24,1670129971
3,0,3,24,1670130237
3,0,3,24,1670130503
3,0,3,24,1670130770
3,0,3,24,1670131036
3,0,3,24,1670131301
3,0,3,24,1670131569
3,0,3,24,1670131837
3,0,3,24,1670132365
3,0,3,24,1670132633
3,0,3,24,1670132897
3,0,3,24,1670133162
3,0,3,24,1670133428
3,0,3,24,1670133696
3,0,3,24,1670133963
3,0,3,24,1670134499
3,0,3,24,1670134767
3,0,3,24,1670135036
3,0,3,24,1670135304
3,0,3,24,1670135572
3,0,3,24,1670135840
3,0,3,24,1670136105
3,0,3,24,1670136370
3,0,3,24,1670136898
3,0,3,24,1670137161
3,0,3,24,1670137423
3,0,3,24,1670137683
3,0,3,24,1670137945
3,0,3,24,1670138205
3,0,3,24,1670138471
3,0,3,24,1670138741
3,0,3,24,1670139274
3,0,3,24,1670139542
3,0,3,24,1670139808
4,0,4,23,1670140076
5,0,5,22,1670140346
5,0,5,22,1670140612
5,0,5,22,1670140881
5,0,5,22,1670141145
4,0,4,23,1670141680
4,0,4,23,1670141943
4,0,4,23,1670142209
4,0,4,23,1670142475
4,0,4,23,1670142743
4,0,4,23,1670143008
4,0,4,23,1670143275
4,0,4,23,1670143540
4,0,4,23,1670144072
4,0,4,23,1670144338
4,0,4,23,1670144602
4,0,4,23,1670144868
4,0,4,23,1670145132
3,0,3,24,1670145401
3,0,3,24,1670145668
3,0,3,24,1670145933
3,0,3,24,1670146469
3,0,3,24,1670146736
3,0,3,24,1670147000
3,0,3,24,1670147268
3,0,3,24,1670147535
4,0,4,23,1670147799
4,0,4,23,1670148066
7,0,7,20,1670148597
7,0,7,20,1670148864
7,0,7,20,1670149132
6,0,6,21,1670149396
6,0,6,21,1670149664
7,0,7,20,1670149929
7,0,7,20,1670150197
7,0,7,20,1670150464
7,0,7,20,1670150998
8,1,7,19,1670151263
7,1,6,20,1670151532
7,1,6,20,1670151799
8,1,7,19,1670152064
8,1,7,19,1670152332
8,1,7,19,1670152600
9,1,8,18,1670152870
9,1,8,18,1670153135
9,1,8,18,1670153666
9,1,8,18,1670153933
10,1,9,17,1670154199
11,1,10,16,1670154465
11,1,10,16,1670154733
10,1,9,17,1670155001
10,1,9,17,1670155266
9,0,9,18,1670155533
9,0,9,18,1670156066
9,0,9,18,1670156334
8,0,8,19,1670156602
10,0,10,17,1670156870
8,0,8,19,1670157168
8,0,8,19,1670157430
8,0,8,19,1670157689
8,0,8,19,1670157949
8,0,8,19,1670158467
8,0,8,19,1670158730
7,0,7,20,1670159035
7,0,7,20,1670159299
7,0,7,20,1670159567
7,0,7,20,1670159834
7,0,7,20,1670160103
7,0,7,20,1670160368
7,0,7,20,1670160633
7,0,7,20,1670161167
7,0,7,20,1670161430
7,0,7,20,1670161698
7,0,7,20,1670161966
7,0,7,20,1670162232
7,0,7,20,1670162495
7,0,7,20,1670162761
7,0,7,20,1670163296
7,0,7,20,1670163564
7,0,7,20,1670163832
6,0,6,21,1670164100
6,0,6,21,1670164368
6,0,6,21,1670164636
6,0,6,21,1670164903
6,0,6,21,1670165169
6,0,6,21,1670165437
6,0,6,21,1670165965
6,0,6,21,1670166234
6,0,6,21,1670166502
6,0,6,21,1670166769
6,0,6,21,1670167035
5,0,5,22,1670167301
5,0,5,22,1670167570
5,0,5,22,1670167837
5,0,5,22,1670168368
5,0,5,22,1670168637
5,0,5,22,1670168903
5,0,5,22,1670169171
5,0,5,22,1670169437
5,0,5,22,1670169705
4,0,4,23,1670169971
4,0,4,23,1670170237
4,0,4,23,1670170772
3,0,3,24,1670171037
3,0,3,24,1670171305
3,0,3,24,1670171569
2,0,2,25,1670171836
2,0,2,25,1670172100
2,0,2,25,1670172365
2,0,2,25,1670172897
2,0,2,25,1670173161
2,0,2,25,1670173428
2,0,2,25,1670173691
2,0,2,25,1670173958
2,0,2,25,1670174222
3,0,3,24,1670174490
3,0,3,24,1670174760
3,0,3,24,1670175291
5,0,5,22,1670175558
5,0,5,22,1670175824
5,0,5,22,1670176090
5,0,5,22,1670176354
5,0,5,22,1670176621
5,0,5,22,1670176884
5,0,5,22,1670177150
5,0,5,22,1670177680
6,0,6,21,1670177948
6,0,6,21,1670178212
6,0,6,21,1670178482
6,0,6,21,1670178750
6,0,6,21,1670179012
6,0,6,21,1670179278
6,0,6,21,1670179547
6,0,6,21,1670180080
7,0,7,20,1670180342
7,0,7,20,1670180606
7,0,7,20,1670180875
7,0,7,20,1670181139
7,0,7,20,1670181405
7,0,7,20,1670181671
7,0,7,20,1670182199
7,0,7,20,1670182466
10,0,10,17,1670182728
8,0,8,19,1670182994
8,0,8,19,1670183260
8,0,8,19,1670183525
8,0,8,19,1670183791
8,0,8,19,1670184059
8,0,8,19,1670184591
8,0,8,19,1670184855
8,0,8,19,1670185119
8,0,8,19,1670185383
7,0,7,20,1670185647
7,0,7,20,1670185914
7,0,7,20,1670186182
7,0,7,20,1670186449
7,0,7,20,1670186981
6,0,6,21,1670187248
6,0,6,21,1670187511
6,0,6,21,1670187778
7,0,7,20,1670188045
7,0,7,20,1670188314
7,0,7,20,1670188581
7,0,7,20,1670188844
7,0,7,20,1670189376
7,0,7,20,1670189643
7,0,7,20,1670189906
7,0,7,20,1670190171
7,0,7,20,1670190437
7,0,7,20,1670190702
7,0,7,20,1670190969
7,0,7,20,1670191236
7,0,7,20,1670191769
7,0,7,20,1670192037
7,0,7,20,1670192303
7,0,7,20,1670192569
8,0,8,19,1670192836
8,0,8,19,1670193104
8,0,8,19,1670193373
8,0,8,19,1670193640
8,0,8,19,1670194178
8,0,8,19,1670194440
8,0,8,19,1670194703
8,0,8,19,1670194972
8,0,8,19,1670195237
8,0,8,19,1670195500
8,0,8,19,1670195767
8,0,8,19,1670196033
8,0,8,19,1670196568
8,0,8,19,1670196836
8,0,8,19,1670197103
8,0,8,19,1670197370
8,0,8,19,1670197637
8,0,8,19,1670197901
8,0,8,19,1670198166
8,0,8,19,1670198699
8,0,8,19,1670198965
8,0,8,19,1670199228
8,0,8,19,1670199492
8,0,8,19,1670199761
8,0,8,19,1670200026
8,0,8,19,1670200292
8,0,8,19,1670200557
8,0,8,19,1670201091
8,0,8,19,1670201357
8,0,8,19,1670201625
8,0,8,19,1670201891
8,0,8,19,1670202159
8,0,8,19,1670202427
8,0,8,19,1670202695
8,0,8,19,1670202959
8,0,8,19,1670203494
8,0,8,19,1670203762
8,0,8,19,1670204028
8,0,8,19,1670204294
8,0,8,19,1670204559
8,0,8,19,1670204827
8,0,8,19,1670205092
8,0,8,19,1670205361
8,0,8,19,1670205892
8,0,8,19,1670206160
8,0,8,19,1670206428
8,0,8,19,1670206693
8,0,8,19,1670206958
8,0,8,19,1670207225
8,0,8,19,1670207493
8,0,8,19,1670207756
8,0,8,19,1670208291
8,0,8,19,1670208560
8,0,8,19,1670208827
8,0,8,19,1670209094
8,0,8,19,1670209363
8,0,8,19,1670209627
8,0,8,19,1670209891
8,0,8,19,1670210160
8,0,8,19,1670210695
8,0,8,19,1670210959
8,0,8,19,1670211226
8,0,8,19,1670211492
8,0,8,19,1670211755
8,0,8,19,1670212023
8,0,8,19,1670212287
8,0,8,19,1670212556
8,0,8,19,1670213092
8,0,8,19,1670213360
8,0,8,19,1670213627
8,0,8,19,1670213889
8,0,8,19,1670214157
8,0,8,19,1670214423
8,0,8,19,1670214687
8,0,8,19,1670214954
8,0,8,19,1670215482
8,0,8,19,1670215746
8,0,8,19,1670216010
8,0,8,19,1670216279
8,0,8,19,1670216544
8,0,8,19,1670216810
8,0,8,19,1670217077
8,0,8,19,1670217344
8,0,8,19,1670217877
8,0,8,19,1670218141
8,0,8,19,1670218406
8,0,8,19,1670218672
7,0,7,20,1670218937
7,0,7,20,1670219206
7,0,7,20,1670219473
7,0,7,20,1670219742
7,0,7,20,1670220274
7,0,7,20,1670220539
7,0,7,20,1670220806
7,0,7,20,1670221073
7,0,7,20,1670221339
7,0,7,20,1670221601
6,0,6,21,1670221869
6,0,6,21,1670222402
6,0,6,21,1670222667
6,0,6,21,1670222931
7,0,7,20,1670223199
7,0,7,20,1670223466
7,0,7,20,1670223728
7,0,7,20,1670223998
7,0,7,20,1670224265
7,0,7,20,1670224797
7,0,7,20,1670225063
7,0,7,20,1670225330
7,0,7,20,1670225594
7,0,7,20,1670225857
9,0,9,18,1670226123
9,0,9,18,1670226392
9,0,9,18,1670226657
9,0,9,18,1670227192
10,0,10,17,1670227457
10,0,10,17,1670227721
12,0,12,15,1670227988
13,0,13,14,1670228253
13,0,13,14,1670228517
13,0,13,14,1670228781
14,0,14,13,1670229048
14,0,14,13,1670229585
14,0,14,13,1670229850
15,0,15,12,1670230116
16,0,16,11,1670230385
16,0,16,11,1670230653
20,0,20,7,1670230915
20,0,20,7,1670231179
20,0,20,7,1670231447
20,0,20,7,1670231981
20,0,20,7,1670232246
22,0,22,5,1670232507
22,0,22,5,1670232772
21,0,21,6,1670233039
23,0,23,4,1670233304
23,0,23,4,1670233573
23,0,23,4,1670234099
23,0,23,4,1670234363
23,0,23,4,1670234630
24,0,24,3,1670234894
24,0,24,3,1670235159
24,0,24,3,1670235428
25,0,25,2,1670235690
25,0,25,2,1670235957
26,0,26,1,1670236490
25,0,25,2,1670236754
25,0,25,2,1670237019
25,0,25,2,1670237286
25,0,25,2,1670237550
25,0,25,2,1670237816
25,0,25,2,1670238075
25,0,25,2,1670238342
25,0,25,2,1670238876
25,0,25,2,1670239141
25,0,25,2,1670239408
25,0,25,2,1670239676
26,0,26,1,1670239944
26,0,26,1,1670240211
26,0,26,1,1670240477
25,0,25,2,1670240740
26,0,26,1,1670241275
26,0,26,1,1670241541
26,0,26,1,1670241806
26,0,26,1,1670242073
26,0,26,1,1670242340
24,0,24,3,1670242607
24,0,24,3,1670242876
24,0,24,3,1670243142
26,1,25,1,1670243677
26,1,25,1,1670243941
26,1,25,1,1670244205
26,1,25,1,1670244474
25,1,24,2,1670244738
25,1,24,2,1670245005
25,1,24,2,1670245307
25,1,24,2,1670245569
23,0,23,4,1670246090
22,0,22,5,1670246351
21,0,21,6,1670246613
21,0,21,6,1670246873
21,0,21,6,1670247170
20,0,20,7,1670247438
19,0,19,8,1670247701
19,0,19,8,1670247966
19,0,19,8,1670248498
17,0,17,10,1670248762
17,0,17,10,1670249029
17,0,17,10,1670249294
16,0,16,11,1670249562
14,0,14,13,1670249826
14,0,14,13,1670250087
13,0,13,14,1670250352
15,0,15,12,1670250886
16,0,16,11,1670251154
16,0,16,11,1670251424
16,0,16,11,1670251690
17,0,17,10,1670251958
17,0,17,10,1670252221
16,0,16,11,1670252488
17,0,17,10,1670252755
17,0,17,10,1670253290
17,0,17,10,1670253556
16,0,16,11,1670253822
16,0,16,11,1670254089
16,0,16,11,1670254358
16,0,16,11,1670254621
16,0,16,11,1670254889
16,0,16,11,1670255156
16,0,16,11,1670255688
15,0,15,12,1670255955
15,0,15,12,1670256224
15,0,15,12,1670256490
15,0,15,12,1670256755
15,0,15,12,1670257023
15,0,15,12,1670257287
15,0,15,12,1670257552
14,0,14,13,1670258086
14,0,14,13,1670258350
11,0,11,16,1670258614
11,0,11,16,1670258880
10,0,10,17,1670259143
10,0,10,17,1670259413
10,0,10,17,1670259676
11,0,11,16,1670259944
10,0,10,17,1670260474
10,0,10,17,1670260740
11,0,11,16,1670261005
12,0,12,15,1670261266
12,0,12,15,1670261532
12,0,12,15,1670261796
12,0,12,15,1670262062
12,0,12,15,1670262591
12,0,12,15,1670262858
12,0,12,15,1670263124
12,0,12,15,1670263391
12,0,12,15,1670263659
10,0,10,17,1670263925
9,0,9,18,1670264192
8,0,8,19,1670264458
8,0,8,19,1670264991
10,0,10,17,1670265254
11,0,11,16,1670265517
10,0,10,17,1670265782
10,0,10,17,1670266050
10,0,10,17,1670266311
10,0,10,17,1670266574
9,0,9,18,1670266841
10,0,10,17,1670267372
9,0,9,18,1670267636
9,0,9,18,1670267901
8,0,8,19,1670268164
9,0,9,18,1670268429
10,0,10,17,1670268695
8,0,8,19,1670268961
6,0,6,21,1670269495
5,0,5,22,1670269762
4,0,4,23,1670270024
3,0,3,24,1670270288
3,0,3,25,1670270553
3,0,3,25,1670270815
2,0,2,26,1670271080
2,0,2,26,1670271349
3,0,3,25,1670271876
3,0,3,25,1670272143
3,0,3,25,1670272407
3,0,3,25,1670272675
1,0,1,27,1670272935
1,0,1,27,1670273202
1,0,1,27,1670273469
1,0,1,27,1670273738
1,0,1,27,1670274273
1,0,1,27,1670274538
1,0,1,27,1670274803
1,0,1,27,1670275071
1,0,1,27,1670275340
0,0,0,28,1670275604
0,0,0,28,1670275871
0,0,0,28,1670276136
0,0,0,28,1670276668
0,0,0,28,1670276930
0,0,0,28,1670277195
0,0,0,28,1670277458
0,0,0,28,1670277729
0,0,0,28,1670277992
0,0,0,28,1670278258
0,0,0,28,1670278789
0,0,0,28,1670279054
0,0,0,28,1670279320
0,0,0,28,1670279583
0,0,0,28,1670279846
0,0,0,28,1670280110
0,0,0,28,1670280376
0,0,0,28,1670280644
0,0,0,28,1670281178
0,0,0,28,1670281443
0,0,0,28,1670281706
0,0,0,28,1670281974
0,0,0,28,1670282239
1,0,1,27,1670282507
1,0,1,27,1670282770
1,0,1,27,1670283300
1,0,1,27,1670283566
1,0,1,27,1670283835
1,0,1,27,1670284097
1,0,1,27,1670284360
1,0,1,27,1670284626
1,0,1,27,1670284893
1,0,1,27,1670285157
1,0,1,27,1670285688
1,0,1,27,1670285954
1,0,1,27,1670286223
1,0,1,27,1670286488
1,0,1,27,1670286756
1,0,1,27,1670287024
1,0,1,27,1670287292
1,0,1,27,1670287555
1,0,1,27,1670288091
1,0,1,27,1670288357
1,0,1,27,1670288625
1,0,1,27,1670288893
1,0,1,27,1670289157
1,0,1,27,1670289419
1,0,1,27,1670289683
1,0,1,27,1670289949
1,0,1,27,1670290482
2,0,2,26,1670290750
2,0,2,26,1670291015
3,0,3,25,1670291278
3,0,3,25,1670291542
3,0,3,25,1670291805
3,0,3,25,1670292073
3,0,3,25,1670292338
3,0,3,25,1670292869
3,0,3,25,1670293135
3,0,3,25,1670293401
3,0,3,25,1670293668
3,0,3,25,1670293937
3,0,3,25,1670294203
3,0,3,25,1670294470
2,0,2,26,1670295000
2,0,2,26,1670295268
2,0,2,26,1670295537
2,0,2,26,1670295803
2,0,2,26,1670296071
2,0,2,26,1670296339
2,0,2,26,1670296602
2,0,2,26,1670296865
2,0,2,26,1670297398
2,0,2,26,1670297662
2,0,2,26,1670297932
3,0,3,25,1670298195
3,0,3,25,1670298458
2,0,2,26,1670298724
2,0,2,26,1670298988
2,0,2,26,1670299253
2,0,2,26,1670299785
2,0,2,26,1670300052
2,0,2,26,1670300319
2,0,2,26,1670300586
2,0,2,26,1670300853
2,0,2,26,1670301117
2,0,2,26,1670301382
2,0,2,26,1670301650
2,0,2,26,1670302181
2,0,2,26,1670302447
2,0,2,26,1670302710
2,0,2,26,1670302977
2,0,2,26,1670303243
2,0,2,26,1670303508
2,0,2,26,1670303775
2,0,2,26,1670304042
2,0,2,26,1670304577
2,0,2,26,1670304843
2,0,2,26,1670305112
2,0,2,26,1670305379
2,0,2,26,1670305644
2,0,2,26,1670305911
2,0,2,26,1670306175
2,0,2,26,1670306441
2,0,2,26,1670306971
2,0,2,26,1670307236
2,0,2,26,1670307499
2,0,2,26,1670307766
2,0,2,26,1670308029
2,0,2,26,1670308294
2,0,2,26,1670308561
2,0,2,26,1670308827
2,0,2,26,1670309359
2,0,2,26,1670309624
2,0,2,26,1670309891
2,0,2,26,1670310158
2,0,2,26,1670310419
1,0,1,27,1670310683
1,0,1,27,1670310949
1,0,1,27,1670311476
1,0,1,27,1670311744
1,0,1,27,1670312007
1,0,1,27,1670312275
1,0,1,27,1670312539
1,0,1,27,1670312801
1,0,1,27,1670313069
1,0,1,27,1670313600
1,0,1,27,1670313865
1,0,1,27,1670314129
1,0,1,27,1670314396
1,0,1,27,1670314659
1,0,1,27,1670314924
1,0,1,27,1670315191
1,0,1,27,1670315458
1,0,1,27,1670315991
1,0,1,27,1670316258
3,0,3,25,1670316523
3,0,3,25,1670316791
3,0,3,25,1670317053
3,0,3,25,1670317316
3,0,3,25,1670317585
4,1,3,24,1670317850
6,1,5,22,1670318120
6,1,5,22,1670318654
6,1,5,22,1670318918
6,1,5,22,1670319182
6,1,5,22,1670319450
6,1,5,22,1670319713
6,1,5,22,1670319978
6,1,5,22,1670320247
7,1,6,21,1670320514
7,1,6,21,1670321043
7,1,6,21,1670321307
6,1,5,22,1670321574
6,1,5,22,1670321843
7,1,6,21,1670322107
7,1,6,21,1670322372
7,1,6,21,1670322640
7,1,6,21,1670323168
7,1,6,21,1670323437
7,1,6,21,1670323700
7,1,6,21,1670323966
7,1,6,21,1670324232
9,1,8,19,1670324495
9,1,8,19,1670324763
9,1,8,19,1670325030
9,1,8,19,1670325560
9,1,8,19,1670325826
9,1,8,19,1670326088
9,1,8,19,1670326354
8,1,7,20,1670326620
9,1,8,19,1670326885
8,0,8,20,1670327154
8,0,8,20,1670327418
8,0,8,20,1670327954
7,0,7,21,1670328218
7,0,7,21,1670328486
7,0,7,21,1670328750
5,0,5,23,1670329011
5,0,5,23,1670329280
5,0,5,23,1670329548
5,0,5,23,1670329815
4,0,4,24,1670330349
4,0,4,24,1670330614
4,0,4,24,1670330879
3,0,3,25,1670331145
3,0,3,25,1670331412
3,0,3,25,1670331679
3,0,3,25,1670331947
3,0,3,25,1670332212
2,0,2,26,1670332744
2,0,2,26,1670333008
2,0,2,26,1670333276
3,0,3,25,1670333276
3,0,3,25,1670333882
3,0,3,25,1670334141
3,0,3,25,1670334400
3,0,3,25,1670334660
3,0,3,25,1670334920
3,0,3,25,1670335179
3,0,3,25,1670335744
1,0,1,27,1670336012
1,0,1,27,1670336278
1,0,1,27,1670336547
5,0,5,23,1670336815
5,0,5,23,1670337082
5,0,5,23,1670337346
5,0,5,23,1670337614
5,0,5,23,1670338149
4,0,4,24,1670338414
3,0,3,25,1670338680
3,0,3,25,1670338952
3,0,3,25,1670339215
3,0,3,25,1670339480
3,0,3,25,1670339746
3,0,3,25,1670340013
3,0,3,25,1670340548
3,0,3,25,1670340814
3,0,3,25,1670341082
3,0,3,25,1670341351
3,0,3,25,1670341618
3,0,3,25,1670341883
4,0,4,24,1670342151
4,0,4,24,1670342418
4,0,4,24,1670342952
5,0,5,23,1670343220
4,0,4,24,1670343487
4,0,4,24,1670343751
4,0,4,24,1670344020
4,0,4,24,1670344287
4,0,4,24,1670344554
4,0,4,24,1670344821
4,0,4,24,1670345358
4,0,4,24,1670345622
4,0,4,24,1670345888
5,0,5,23,1670346154
5,0,5,23,1670346416
5,0,5,23,1670346679
5,0,5,23,1670346945
5,0,5,23,1670347210
5,0,5,23,1670347741
5,0,5,23,1670348008
5,0,5,23,1670348274
5,0,5,23,1670348541
5,0,5,23,1670348808
5,0,5,23,1670349074
4,0,4,24,1670349343
4,0,4,24,1670349611
3,0,3,25,1670350143
4,0,4,24,1670350411
4,0,4,24,1670350678
4,0,4,24,1670350944
4,0,4,24,1670351212
3,0,3,25,1670351479
3,0,3,25,1670351745
3,0,3,25,1670352011
3,0,3,25,1670352545
3,0,3,25,1670352813
3,0,3,25,1670353081
3,0,3,25,1670353348
3,0,3,25,1670353618
2,0,2,26,1670353883
2,0,2,26,1670354150
2,0,2,26,1670354420
2,0,2,26,1670354953
3,0,3,25,1670355216
3,0,3,25,1670355483
3,0,3,25,1670355749
3,0,3,25,1670356015
1,0,1,27,1670356284
1,0,1,27,1670356552
3,0,3,25,1670356820
3,0,3,25,1670357352
3,0,3,25,1670357620
1,0,1,27,1670357888
1,0,1,27,1670358156
2,0,2,26,1670358420
2,0,2,26,1670358687
2,0,2,26,1670358953
2,0,2,26,1670359217
2,0,2,26,1670359752
2,0,2,26,1670360019
2,0,2,26,1670360287
2,0,2,26,1670360553
2,0,2,26,1670360821
2,0,2,26,1670361088
2,0,2,26,1670361355
2,0,2,26,1670361622
2,0,2,26,1670362169
2,0,2,26,1670362436
2,0,2,26,1670362703
2,0,2,26,1670362969
2,0,2,26,1670363238
2,0,2,26,1670363505
2,0,2,26,1670363772
2,0,2,26,1670364036
2,0,2,26,1670364570
2,0,2,26,1670364833
2,0,2,26,1670365100
2,0,2,26,1670365368
2,0,2,26,1670365634
2,0,2,26,1670365902
2,0,2,26,1670366168
2,0,2,26,1670366437
2,0,2,26,1670366970
2,0,2,26,1670367238
2,0,2,26,1670367507
2,0,2,26,1670367776
2,0,2,26,1670368044
2,0,2,26,1670368311
2,0,2,26,1670368576
2,0,2,26,1670368840
2,0,2,26,1670369375
2,0,2,26,1670369643
0,0,0,28,1670369907
0,0,0,28,1670370177
0,0,0,28,1670370446
0,0,0,28,1670370709
0,0,0,28,1670370972
0,0,0,28,1670371238
0,0,0,28,1670371773
0,0,0,28,1670372040
0,0,0,28,1670372305
0,0,0,28,1670372572
0,0,0,28,1670372840
0,0,0,28,1670373104
0,0,0,28,1670373373
0,0,0,28,1670373637
0,0,0,28,1670374172
0,0,0,28,1670374436
0,0,0,28,1670374701
0,0,0,28,1670374966
0,0,0,28,1670375233
0,0,0,28,1670375497
0,0,0,28,1670375763
0,0,0,28,1670376031
0,0,0,28,1670376565
7,2,5,21,1670376829
7,2,5,21,1670377095
7,2,5,21,1670377362
7,2,5,21,1670377629
7,2,5,21,1670377897
7,2,5,21,1670378165
7,2,5,21,1670378433
7,2,5,21,1670378969
7,2,5,21,1670379237
7,2,5,21,1670379505
7,2,5,21,1670379770
7,2,5,21,1670380036
7,2,5,21,1670380301
7,2,5,21,1670380565
7,2,5,21,1670380834
7,2,5,21,1670381369
7,2,5,21,1670381636
7,2,5,21,1670381899
7,2,5,21,1670382165
7,2,5,21,1670382432
7,2,5,21,1670382699
7,2,5,21,1670382963
8,2,6,20,1670383230
8,2,6,20,1670383763
8,2,6,20,1670384029
8,2,6,20,1670384298
8,2,6,20,1670384565
8,2,6,20,1670384831
8,2,6,20,1670385099
8,2,6,20,1670385365
8,2,6,20,1670385632
8,2,6,20,1670386166
8,2,6,20,1670386435
8,2,6,20,1670386699
8,2,6,20,1670386965
8,2,6,20,1670387231
8,2,6,20,1670387492
8,2,6,20,1670387760
8,2,6,20,1670388029
8,2,6,20,1670388566
8,2,6,20,1670388831
8,2,6,20,1670389091
8,2,6,20,1670389360
8,2,6,20,1670389625
8,2,6,20,1670389893
8,2,6,20,1670390162
8,2,6,20,1670390427
8,2,6,20,1670390958
8,2,6,20,1670391224
8,2,6,20,1670391488
7,2,5,21,1670391755
7,2,5,21,1670392023
7,2,5,21,1670392287
7,2,5,21,1670392552
7,2,5,21,1670392820
7,2,5,21,1670393345
7,2,5,21,1670393614
7,2,5,21,1670393880
7,2,5,21,1670394147
8,2,6,20,1670394410
8,2,6,20,1670394676
8,2,6,20,1670394942
8,2,6,20,1670395475
8,2,6,20,1670395740
8,2,6,20,1670396008
9,2,7,19,1670396274
9,2,7,19,1670396539
8,2,6,20,1670396803
7,2,5,21,1670397068
7,2,5,21,1670397335
7,2,5,21,1670397867
7,2,5,21,1670398136
6,2,4,22,1670398401
6,2,4,22,1670398670
7,2,5,21,1670398940
7,2,5,21,1670399208
10,2,8,18,1670399471
10,2,8,18,1670399739
10,2,8,18,1670400273
10,2,8,18,1670400541
11,2,9,17,1670400806
12,2,10,16,1670401069
12,2,10,16,1670401337
12,2,10,16,1670401605
11,2,9,17,1670401871
11,2,9,17,1670402139
12,2,10,16,1670402668
13,2,11,15,1670402931
14,2,12,14,1670403199
13,2,11,15,1670403464
13,2,11,15,1670403732
12,2,10,16,1670403997
12,2,10,16,1670404268
11,2,9,17,1670404530
13,2,11,15,1670405060
13,2,11,15,1670405328
13,2,11,15,1670405596
12,2,10,16,1670405863
12,2,10,16,1670406131
12,2,10,16,1670406397
12,2,10,16,1670406665
13,2,11,15,1670406934
13,2,11,15,1670407465
14,2,12,14,1670407729
15,2,13,13,1670407995
15,2,13,13,1670408260
14,2,12,14,1670408528
14,2,12,14,1670408793
14,2,12,14,1670409060
14,2,12,14,1670409329
14,2,12,14,1670409857
14,2,12,14,1670410126
14,2,12,14,1670410392
14,2,12,14,1670410658
14,2,12,14,1670410920
13,2,11,15,1670411187
11,2,9,17,1670411454
11,2,9,17,1670411723
11,2,9,17,1670412256
11,2,9,17,1670412525
11,2,9,17,1670412790
11,2,9,17,1670413057
11,2,9,17,1670413326
11,2,9,17,1670413594
11,2,9,17,1670413861
11,2,9,17,1670414127
11,2,9,17,1670414660
11,2,9,17,1670414930
11,2,9,17,1670415194
11,2,9,17,1670415464
10,2,8,18,1670415732
10,2,8,18,1670415997
10,2,8,18,1670416265
10,2,8,18,1670416533
11,2,9,17,1670417065
10,2,8,18,1670417330
10,2,8,18,1670417598
10,2,8,18,1670417862
9,1,8,19,1670418124
9,1,8,19,1670418388
9,1,8,19,1670418657
9,1,8,19,1670418926
9,1,8,19,1670419462
9,1,8,19,1670419727
9,1,8,19,1670419995
10,1,9,18,1670420264
10,1,9,18,1670420533
10,1,9,18,1670420802
10,1,9,18,1670421070
8,0,8,20,1670421338
8,0,8,20,1670421605
8,0,8,20,1670422165
8,0,8,20,1670422425
9,0,9,19,1670422686
8,0,8,20,1670422947
8,0,8,20,1670423209
8,0,8,20,1670423467
8,0,8,20,1670423764
8,0,8,20,1670424034
8,0,8,20,1670424569
8,0,8,20,1670424835
8,0,8,20,1670425103
8,0,8,20,1670425370
8,0,8,20,1670425637
7,0,7,21,1670425905
8,0,8,20,1670426173
8,0,8,20,1670426437
9,0,9,19,1670426967
9,0,9,19,1670427232
9,0,9,19,1670427502
9,0,9,19,1670427766
9,0,9,19,1670428035
7,0,7,21,1670428302
6,0,6,22,1670428566
6,0,6,22,1670428832
6,0,6,22,1670429367
6,0,6,22,1670429633
6,0,6,22,1670429898
5,0,5,23,1670430164
5,0,5,23,1670430430
5,0,5,23,1670430698
5,0,5,23,1670430966
5,0,5,23,1670431230
5,0,5,23,1670431766
5,0,5,23,1670432032
5,0,5,23,1670432300
4,0,4,24,1670432563
4,0,4,24,1670432832
3,0,3,25,1670433096
1,0,1,27,1670433362
1,0,1,27,1670433627
3,0,3,25,1670434158
4,0,4,24,1670434426
3,0,3,25,1670434692
2,0,2,26,1670434958
2,0,2,26,1670435229
2,0,2,26,1670435497
2,0,2,26,1670435764
1,0,1,27,1670436032
1,0,1,27,1670436564
0,0,0,28,1670436832
0,0,0,28,1670437100
0,0,0,28,1670437369
0,0,0,28,1670437635
0,0,0,28,1670437897
0,0,0,28,1670438163
0,0,0,28,1670438431
0,0,0,28,1670438966
0,0,0,28,1670439231
1,0,1,27,1670439496
1,0,1,27,1670439764
1,0,1,27,1670440033
1,0,1,27,1670440299
2,0,2,26,1670440566
3,0,3,25,1670440834
4,0,4,24,1670441371
4,0,4,24,1670441638
4,0,4,24,1670441899
4,0,4,24,1670442162
4,0,4,24,1670442429
4,0,4,24,1670442695
4,0,4,24,1670442962
3,0,3,25,1670443229
3,0,3,25,1670443764
2,0,2,26,1670444033
2,0,2,26,1670444299
2,0,2,26,1670444566
3,0,3,25,1670444833
2,0,2,26,1670445102
2,0,2,26,1670445370
2,0,2,26,1670445633
2,0,2,26,1670446170
2,0,2,26,1670446437
2,0,2,26,1670446704
2,0,2,26,1670446969
2,0,2,26,1670447237
2,0,2,26,1670447505
2,0,2,26,1670447772
2,0,2,26,1670448039
2,0,2,26,1670448575
1,0,1,27,1670448844
1,0,1,27,1670449110
1,0,1,27,1670449376
1,0,1,27,1670449644
1,0,1,27,1670449910
1,0,1,27,1670450178
1,0,1,27,1670450446
1,0,1,27,1670450978
1,0,1,27,1670451245
2,0,2,26,1670451510
2,0,2,26,1670451775
2,0,2,26,1670452040
2,0,2,26,1670452308
2,0,2,26,1670452575
2,0,2,26,1670452843
2,0,2,26,1670453375
2,0,2,26,1670453642
2,0,2,26,1670453912
2,0,2,26,1670454180
2,0,2,26,1670454443
2,0,2,26,1670454710
2,0,2,26,1670454979
2,0,2,26,1670455246
2,0,2,26,1670455778
2,0,2,26,1670456045
2,0,2,26,1670456312
2,0,2,26,1670456578
3,0,3,25,1670456843
3,0,3,25,1670457106
3,0,3,25,1670457374
3,0,3,25,1670457642
3,0,3,25,1670457908
3,0,3,25,1670458443
3,0,3,25,1670458711
2,0,2,26,1670458977
2,0,2,26,1670459243
0,0,0,28,1670459507
0,0,0,28,1670459772
0,0,0,28,1670460040
0,0,0,28,1670460570
0,0,0,28,1670460839
0,0,0,28,1670461108
0,0,0,28,1670461374
0,0,0,28,1670461643
0,0,0,28,1670461908
0,0,0,28,1670462175
0,0,0,28,1670462443
0,0,0,28,1670462980
0,0,0,28,1670463247
0,0,0,28,1670463516
0,0,0,28,1670463782
0,0,0,28,1670464048
0,0,0,28,1670464314
0,0,0,28,1670464583
0,0,0,28,1670464850
0,0,0,28,1670465119
0,0,0,28,1670465656
0,0,0,28,1670465922
0,0,0,28,1670466190
0,0,0,28,1670466458
0,0,0,28,1670466724
0,0,0,28,1670466990
0,0,0,28,1670467253
0,0,0,28,1670467786
0,0,0,28,1670468052
0,0,0,28,1670468320
0,0,0,28,1670468589
0,0,0,28,1670468855
0,0,0,28,1670469120
0,0,0,28,1670469387
0,0,0,28,1670469655
0,0,0,28,1670469924
0,0,0,28,1670470453
0,0,0,28,1670470722
0,0,0,28,1670470988
0,0,0,28,1670471256
0,0,0,28,1670471518
0,0,0,28,1670471786
0,0,0,28,1670472055
0,0,0,28,1670472322
0,0,0,28,1670472859
0,0,0,28,1670473126
0,0,0,28,1670473392
0,0,0,28,1670473657
0,0,0,28,1670473922
0,0,0,28,1670474191
0,0,0,28,1670474459
0,0,0,28,1670474725
0,0,0,28,1670475260
0,0,0,28,1670475528
0,0,0,28,1670475794
0,0,0,28,1670476062
0,0,0,28,1670476329
0,0,0,28,1670476597
0,0,0,28,1670476865
0,0,0,28,1670477130
0,0,0,28,1670477663
0,0,0,28,1670477928
0,0,0,28,1670478193
0,0,0,28,1670478457
0,0,0,28,1670478724
0,0,0,28,1670478989
0,0,0,28,1670479256
0,0,0,28,1670479524
0,0,0,28,1670480054
0,0,0,28,1670480322
0,0,0,28,1670480587
0,0,0,28,1670480852
0,0,0,28,1670481118
0,0,0,28,1670481383
0,0,0,28,1670481648
0,0,0,28,1670482177
0,0,0,28,1670482442
0,0,0,28,1670482709
0,0,0,28,1670482973
0,0,0,28,1670483241
0,0,0,28,1670483509
0,0,0,28,1670483775
0,0,0,28,1670484041
0,0,0,28,1670484570
0,0,0,28,1670484836
0,0,0,28,1670485101
0,0,0,28,1670485368
0,0,0,28,1670485631
0,0,0,28,1670485898
0,0,0,28,1670486164
0,0,0,28,1670486429
0,0,0,28,1670486961
1,0,1,27,1670487228
1,0,1,27,1670487494
1,0,1,27,1670487763
1,0,1,27,1670488025
1,0,1,27,1670488291
1,0,1,27,1670488560
1,0,1,27,1670488826
0,0,0,28,1670489357
0,0,0,28,1670489625
0,0,0,28,1670489892
1,0,1,27,1670490159
1,0,1,27,1670490428
2,0,2,26,1670490695
2,0,2,26,1670490963
2,0,2,26,1670491230
2,0,2,26,1670491764
2,0,2,26,1670492029
2,0,2,26,1670492297
2,0,2,26,1670492561
2,0,2,26,1670492831
2,0,2,26,1670493099
2,0,2,26,1670493369
2,0,2,26,1670493636
2,0,2,26,1670494171
3,0,3,25,1670494434
3,0,3,25,1670494702
3,0,3,25,1670494970
3,0,3,25,1670495240
3,0,3,25,1670495511
3,0,3,25,1670495779
2,0,2,26,1670496046
2,0,2,26,1670496312
2,0,2,26,1670496843
2,0,2,26,1670497110
1,0,1,27,1670497376
1,0,1,27,1670497643
1,0,1,27,1670497911
1,0,1,27,1670498175
1,0,1,27,1670498443
1,0,1,27,1670498972
1,0,1,27,1670499239
1,0,1,27,1670499507
1,0,1,27,1670499775
1,0,1,27,1670500044
2,0,2,26,1670500311
2,0,2,26,1670500574
1,0,1,27,1670500843
1,0,1,27,1670501377
1,0,1,27,1670501646
1,0,1,27,1670501913
1,0,1,27,1670502181
1,0,1,27,1670502450
1,0,1,27,1670502717
1,0,1,27,1670502983
1,0,1,27,1670503251
1,0,1,27,1670503520
1,0,1,27,1670504054
1,0,1,27,1670504321
1,0,1,27,1670504589
1,0,1,27,1670504856
1,0,1,27,1670505124
1,0,1,27,1670505392
1,0,1,27,1670505659
1,0,1,27,1670505927
1,0,1,27,1670506465
1,0,1,27,1670506734
1,0,1,27,1670507003
1,0,1,27,1670507271
1,0,1,27,1670507536
1,0,1,27,1670507802
1,0,1,27,1670508069
1,0,1,27,1670508335
1,0,1,27,1670508870
1,0,1,27,1670509136
1,0,1,27,1670509404
1,0,1,27,1670509674
1,0,1,27,1670509939
1,0,1,27,1670510242
1,0,1,27,1670510502
1,0,1,27,1670510763
1,0,1,27,1670511022
1,0,1,27,1670511540
1,0,1,27,1670511804
1,0,1,27,1670512106
1,0,1,27,1670512374
1,0,1,27,1670512644
1,0,1,27,1670512910
1,0,1,27,1670513177
1,0,1,27,1670513445
1,0,1,27,1670513982
1,0,1,27,1670514250
1,0,1,27,1670514518
1,0,1,27,1670514786
1,0,1,27,1670515053
1,0,1,27,1670515320
1,0,1,27,1670515589
1,0,1,27,1670515853
0,0,0,28,1670516387
0,0,0,28,1670516654
0,0,0,28,1670516920
0,0,0,28,1670517189
0,0,0,28,1670517457
0,0,0,28,1670517726
0,0,0,28,1670517993
0,0,0,28,1670518256
0,0,0,28,1670518525
0,0,0,28,1670519061
0,0,0,28,1670519325
0,0,0,28,1670519593
0,0,0,28,1670519861
8,5,3,20,1670520131
19,8,11,9,1670520394
19,8,11,9,1670520661
19,8,11,9,1670520928
19,8,11,9,1670521466
18,8,10,10,1670521733
18,8,10,10,1670522001
18,8,10,10,1670522267
18,8,10,10,1670522534
18,8,10,10,1670522801
18,7,11,10,1670523067
18,7,11,10,1670523336
18,7,11,10,1670523872
18,7,11,10,1670524142
18,7,11,10,1670524410
18,7,11,10,1670524678
18,7,11,10,1670524947
18,7,11,10,1670525213
18,7,11,10,1670525481
19,7,12,9,1670525748
19,7,12,9,1670526285
19,7,12,9,1670526554
19,7,12,9,1670526822
19,7,12,9,1670527090
19,7,12,9,1670527359
19,7,12,9,1670527626
19,7,12,9,1670527891
19,7,12,9,1670528159
19,7,12,9,1670528426
19,7,12,9,1670528959
19,7,12,9,1670529227
19,7,12,9,1670529495
19,7,12,9,1670529764
19,7,12,9,1670530032
19,7,12,9,1670530302
19,7,12,9,1670530566
21,7,14,7,1670530834
21,7,14,7,1670531364
21,7,14,7,1670531628
21,7,14,7,1670531897
21,7,14,7,1670532166
20,7,13,8,1670532433
18,7,11,10,1670532700
18,7,11,10,1670532966
18,7,11,10,1670533233
18,7,11,10,1670533770
18,7,11,10,1670534038
18,7,11,10,1670534304
18,7,11,10,1670534569
18,7,11,10,1670534833
18,7,11,10,1670535101
18,7,11,10,1670535367
18,7,11,10,1670535634
18,7,11,10,1670536171
18,7,11,10,1670536438
19,7,12,9,1670536705
19,7,12,9,1670536971
19,7,12,9,1670537240
19,7,12,9,1670537508
19,7,12,9,1670537773
19,7,12,9,1670538042
19,7,12,9,1670538574
19,7,12,9,1670538841
19,7,12,9,1670539107
19,7,12,9,1670539377
19,7,12,9,1670539643
19,7,12,9,1670539909
19,7,12,9,1670540174
20,7,13,8,1670540438
20,7,13,8,1670540966
20,7,13,8,1670541232
20,7,13,8,1670541501
20,7,13,8,1670541769
20,7,13,8,1670542033
20,7,13,8,1670542299
20,7,13,8,1670542569
20,7,13,8,1670542836
20,7,13,8,1670543367
20,7,13,8,1670543633
20,7,13,8,1670543900
20,7,13,8,1670544166
20,7,13,8,1670544431
20,7,13,8,1670544699
20,7,13,8,1670544966
20,7,13,8,1670545234
20,7,13,8,1670545770
20,7,13,8,1670546038
20,7,13,8,1670546305
20,7,13,8,1670546574
20,7,13,8,1670546840
20,7,13,8,1670547108
20,7,13,8,1670547377
20,7,13,8,1670547642
20,7,13,8,1670548169
20,7,13,8,1670548436
20,7,13,8,1670548701
20,7,13,8,1670548969
20,7,13,8,1670549231
20,7,13,8,1670549498
20,7,13,8,1670549764
20,7,13,8,1670550031
20,7,13,8,1670550559
20,7,13,8,1670550827
20,7,13,8,1670551095
20,7,13,8,1670551363
20,7,13,8,1670551631
20,7,13,8,1670551899
13,3,10,15,1670552164
7,2,5,21,1670552433
7,2,5,21,1670552968
7,2,5,21,1670553236
7,2,5,21,1670553504
7,2,5,21,1670553773
7,2,5,21,1670554039
7,2,5,21,1670554309
7,2,5,21,1670554575
7,2,5,21,1670554844
7,2,5,21,1670555373
7,2,5,21,1670555640
7,2,5,21,1670555909
7,2,5,21,1670556175
7,2,5,21,1670556445
7,2,5,21,1670556712
7,2,5,21,1670556978
7,2,5,21,1670557245
7,2,5,21,1670557779
7,2,5,21,1670558041
7,2,5,21,1670558302
7,2,5,21,1670558569
7,2,5,21,1670558837
7,2,5,21,1670559104
7,2,5,21,1670559372
7,2,5,21,1670559639
7,2,5,21,1670560169
7,2,5,21,1670560438
7,2,5,21,1670560701
7,2,5,21,1670560964
7,2,5,21,1670561227
7,2,5,21,1670561491
7,2,5,21,1670561755
7,2,5,21,1670562278
7,2,5,21,1670562539
7,2,5,21,1670562803
7,2,5,21,1670563067
7,2,5,21,1670563332
7,2,5,21,1670563592
7,2,5,21,1670563854
7,2,5,21,1670564384
7,2,5,21,1670564650
7,2,5,21,1670564913
7,2,5,21,1670565173
7,2,5,21,1670565439
7,2,5,21,1670565704
7,2,5,21,1670565968
7,2,5,21,1670566232
7,2,5,21,1670566760
8,2,6,20,1670567023
8,2,6,20,1670567286
8,2,6,20,1670567548
8,2,6,20,1670567814
8,2,6,20,1670568078
8,2,6,20,1670568344
8,2,6,20,1670568865
8,2,6,20,1670569129
8,2,6,20,1670569388
8,2,6,20,1670569652
8,2,6,20,1670569913
8,2,6,20,1670570179
8,2,6,20,1670570441
8,2,6,20,1670570974
8,2,6,20,1670571237
9,2,7,19,1670571502
9,2,7,19,1670571769
9,2,7,19,1670572035
9,2,7,19,1670572296
9,2,7,19,1670572558
9,2,7,19,1670572821
9,2,7,19,1670573343
9,2,7,19,1670573607
9,2,7,19,1670573868
10,2,8,18,1670574131
11,2,9,17,1670574393
10,2,8,18,1670574657
11,3,8,17,1670574921
11,3,8,17,1670575450
11,3,8,17,1670575715
13,3,10,15,1670575981
13,3,10,15,1670576243
13,3,10,15,1670576507
13,3,10,15,1670576770
13,3,10,15,1670577035
14,3,11,14,1670577560
13,3,10,15,1670577824
14,3,11,14,1670578084
14,3,11,14,1670578346
14,3,11,14,1670578610
14,3,11,14,1670578876
15,3,12,13,1670579142
15,3,12,13,1670579666
15,3,12,13,1670579929
16,3,13,12,1670580195
17,3,14,11,1670580458
16,3,13,12,1670580718
17,3,14,11,1670580980
17,3,14,11,1670581243
17,3,14,11,1670581774
18,3,15,10,1670582036
18,3,15,10,1670582301
18,3,15,10,1670582562
18,3,15,10,1670582827
18,3,15,10,1670583094
18,3,15,10,1670583353
18,3,15,10,1670583875
18,3,15,10,1670584140
18,3,15,10,1670584402
19,3,16,9,1670584665
19,3,16,9,1670584928
19,3,16,9,1670585191
20,3,17,8,1670585456
21,4,17,7,1670585720
21,4,17,7,1670586242
19,4,15,9,1670586505
19,4,15,9,1670586767
18,4,14,10,1670587031
18,4,14,10,1670587296
18,4,14,10,1670587559
18,4,14,10,1670588086
18,4,14,10,1670588353
18,4,14,10,1670588614
18,4,14,10,1670588876
17,4,13,11,1670589142
16,3,13,12,1670589405
16,3,13,12,1670589669
15,3,12,13,1670589932
15,3,12,13,1670590460
15,3,12,13,1670590722
15,3,12,13,1670590982
14,2,12,14,1670591244
14,2,12,14,1670591508
14,2,12,14,1670591768
10,1,9,18,1670592034
10,1,9,18,1670592563
9,1,8,19,1670592829
9,1,8,19,1670593092
9,1,8,19,1670593356
9,1,8,19,1670593621
10,1,9,18,1670593883
11,1,10,17,1670594147
13,1,12,15,1670594675
12,1,11,16,1670594937
11,1,10,17,1670595200
10,1,9,18,1670595461
10,1,9,18,1670595727
9,1,8,19,1670595992
9,1,8,19,1670596256
9,1,8,19,1670596778
9,1,8,19,1670597041
9,1,8,19,1670597303
8,1,7,20,1670597565
8,1,7,20,1670597829
8,1,7,20,1670598096
8,1,7,20,1670598359
9,1,8,19,1670598659
9,1,8,19,1670599183
9,1,8,19,1670599441
9,1,8,19,1670599701
8,1,7,20,1670599962
8,1,7,20,1670600222
7,1,6,21,1670600523
8,1,7,20,1670600792
8,1,7,20,1670601061
8,1,7,20,1670601326
8,1,7,20,1670601859
8,1,7,20,1670602126
8,1,7,20,1670602395
8,1,7,20,1670602663
7,1,6,21,1670602929
7,1,6,21,1670603196
7,1,6,21,1670603462
7,1,6,21,1670603987
7,1,6,21,1670604254
6,0,6,22,1670604522
6,0,6,22,1670604785
6,0,6,22,1670605050
6,0,6,22,1670605315
5,0,5,23,1670605586
5,0,5,23,1670605849
5,0,5,23,1670606116
5,0,5,23,1670606644
5,0,5,23,1670606910
5,0,5,23,1670607176
5,0,5,23,1670607442
3,0,3,25,1670607707
3,0,3,25,1670607971
3,0,3,25,1670608237
3,0,3,25,1670608767
3,0,3,25,1670609034
3,0,3,25,1670609297
3,0,3,25,1670609563
3,0,3,25,1670609831
3,0,3,25,1670610093
3,0,3,25,1670610358
3,0,3,25,1670610622
3,0,3,25,1670611152
3,0,3,25,1670611420
3,0,3,25,1670611688
3,0,3,25,1670611955
4,0,4,24,1670612223
4,0,4,24,1670612490
4,0,4,24,1670612758
4,0,4,24,1670613027
5,0,5,23,1670613555
6,0,6,22,1670613824
4,0,4,24,1670614090
3,0,3,24,1670614353
2,0,2,25,1670614618
1,0,1,26,1670614879
1,0,1,26,1670615143
2,0,2,25,1670615677
2,0,2,25,1670615949
2,0,2,25,1670616212
2,0,2,25,1670616479
1,0,1,26,1670616743
2,0,2,25,1670617007
5,1,4,22,1670617275
14,10,4,13,1670617541
14,10,4,13,1670618078
14,10,4,13,1670618345
14,10,4,13,1670618612
14,10,4,13,1670618881
14,10,4,13,1670619145
14,10,4,13,1670619408
14,10,4,13,1670619675
14,10,4,13,1670619942
14,10,4,13,1670620473
14,10,4,13,1670620742
14,10,4,13,1670621007
14,10,4,13,1670621271
14,10,4,13,1670621538
14,10,4,13,1670621804
14,10,4,13,1670622071
14,10,4,13,1670622343
14,10,4,13,1670622875
14,10,4,13,1670623142
14,10,4,13,1670623410
14,10,4,13,1670623678
14,10,4,13,1670623946
15,10,5,12,1670624214
16,10,6,11,1670624479
16,10,6,11,1670624744
16,10,6,11,1670625272
16,10,6,11,1670625540
17,10,7,10,1670625807
18,10,8,9,1670626075
18,10,8,9,1670626342
17,10,7,10,1670626608
17,10,7,10,1670626876
17,10,7,10,1670627147
17,10,7,10,1670627678
17,10,7,10,1670627947
17,10,7,10,1670628212
17,10,7,10,1670628477
17,10,7,10,1670628742
17,10,7,10,1670629010
17,10,7,10,1670629276
17,10,7,10,1670629544
17,10,7,10,1670630079
16,10,6,11,1670630344
16,10,6,11,1670630612
16,10,6,11,1670630876
16,10,6,11,1670631145
16,10,6,11,1670631410
16,10,6,11,1670631678
16,10,6,11,1670631946
16,10,6,11,1670632479
16,10,6,11,1670632741
16,10,6,11,1670633005
16,10,6,11,1670633271
16,10,6,11,1670633541
16,10,6,11,1670633805
16,10,6,11,1670634067
16,10,6,11,1670634334
16,10,6,11,1670634867
16,10,6,11,1670635134
16,10,6,11,1670635401
16,10,6,11,1670635666
16,10,6,11,1670635934
16,10,6,11,1670636200
16,10,6,11,1670636465
16,10,6,11,1670636729
16,10,6,11,1670637266
16,10,6,11,1670637533
16,10,6,11,1670637801
16,10,6,11,1670638070
16,10,6,11,1670638338
16,10,6,11,1670638601
14,10,4,13,1670638865
14,10,4,13,1670639131
14,10,4,13,1670639662
14,10,4,13,1670639926
14,10,4,13,1670640194
14,10,4,13,1670640458
14,10,4,13,1670640719
14,10,4,13,1670640986
14,10,4,13,1670641250
14,10,4,13,1670641516
14,10,4,13,1670642050
14,10,4,13,1670642316
14,10,4,13,1670642579
14,10,4,13,1670642846
14,10,4,13,1670643114
14,10,4,13,1670643382
13,10,3,14,1670643649
13,10,3,14,1670644184
13,10,3,14,1670644451
13,10,3,14,1670644720
13,10,3,14,1670644984
13,10,3,14,1670645251
13,10,3,14,1670645519
13,10,3,14,1670645783
13,10,3,14,1670646045
13,10,3,14,1670646579
13,10,3,14,1670646843
13,10,3,14,1670647112
12,10,2,15,1670647379
12,10,2,15,1670647643
12,10,2,15,1670647908
12,10,2,15,1670648172
12,10,2,15,1670648439
12,10,2,15,1670648970
12,10,2,15,1670649235
12,10,2,15,1670649499
11,10,1,16,1670649766
11,10,1,16,1670650033
11,10,1,16,1670650302
11,10,1,16,1670650563
10,10,0,17,1670651090
10,10,0,17,1670651354
10,10,0,17,1670651615
10,10,0,17,1670651878
10,10,0,17,1670652143
10,10,0,17,1670652407
10,10,0,17,1670652672
10,10,0,17,1670652939
10,10,0,17,1670653474
10,10,0,17,1670653737
10,10,0,17,1670654005
10,10,0,17,1670654272
10,10,0,17,1670654535
10,10,0,17,1670654799
10,10,0,17,1670655060
10,10,0,17,1670655321
10,10,0,17,1670655850
10,10,0,17,1670656109
10,10,0,17,1670656372
10,10,0,17,1670656636
10,10,0,17,1670656904
10,10,0,17,1670657166
10,10,0,17,1670657431
10,10,0,17,1670657955
10,10,0,17,1670658220
10,10,0,17,1670658484
10,10,0,17,1670658747
10,10,0,17,1670659014
11,10,1,16,1670659283
11,10,1,16,1670659549
11,10,1,16,1670659813
11,10,1,16,1670660346
11,10,1,16,1670660608
11,10,1,16,1670660867
11,10,1,16,1670661127
11,10,1,16,1670661390
11,10,1,16,1670661650
12,10,2,15,1670662172
12,10,2,15,1670662435
12,10,2,15,1670662696
13,11,2,14,1670662957
13,11,2,14,1670663217
13,11,2,14,1670663480
13,11,2,14,1670663740
13,11,2,14,1670664264
13,11,2,14,1670664527
13,11,2,14,1670664788
14,11,3,13,1670665050
14,11,3,13,1670665312
14,11,3,13,1670665576
15,11,4,12,1670665842
15,11,4,12,1670666375
15,11,4,12,1670666642
15,11,4,12,1670666908
15,11,4,12,1670667173
15,11,4,12,1670667438
15,11,4,12,1670667700
15,11,4,12,1670667965
15,11,4,12,1670668231
15,11,4,12,1670668760
15,11,4,12,1670669028
15,11,4,12,1670669288
15,11,4,12,1670669548
15,11,4,12,1670669815
16,11,5,11,1670670078
16,11,5,11,1670670341
16,11,5,11,1670670865
15,10,5,12,1670671127
15,10,5,12,1670671389
15,10,5,12,1670671649
14,10,4,13,1670671909
14,10,4,13,1670672171
13,10,3,14,1670672433
12,10,2,15,1670672959
12,10,2,15,1670673218
12,10,2,15,1670673479
12,10,2,15,1670673741
12,10,2,15,1670674007
12,10,2,15,1670674269
11,9,2,16,1670674533
11,9,2,16,1670675056
10,8,2,17,1670675322
10,8,2,17,1670675582
9,8,1,18,1670675848
9,8,1,18,1670676108
9,8,1,18,1670676370
9,8,1,18,1670676632
9,8,1,18,1670677155
9,8,1,18,1670677417
9,8,1,18,1670677679
9,8,1,18,1670677940
10,8,2,17,1670678202
10,8,2,17,1670678469
10,8,2,17,1670678732
10,8,2,17,1670679262
10,8,2,17,1670679525
12,8,4,15,1670679791
12,8,4,15,1670680056
12,8,4,15,1670680320
12,8,4,15,1670680580
12,8,4,15,1670680845
12,8,4,15,1670681371
12,8,4,15,1670681638
12,8,4,15,1670681901
14,8,6,13,1670682167
13,7,6,14,1670682434
12,7,5,15,1670682699
12,7,5,15,1670682962
12,7,5,15,1670683487
12,7,5,15,1670683752
12,7,5,15,1670684016
12,7,5,15,1670684281
12,7,5,15,1670684541
12,7,5,15,1670684805
14,7,7,13,1670685068
14,7,7,13,1670685329
14,7,7,13,1670685853
14,7,7,13,1670686119
14,7,7,13,1670686383
14,7,7,13,1670686646
14,7,7,13,1670686946
14,7,7,13,1670687205
14,7,7,13,1670687465
15,7,8,12,1670687987
15,7,8,12,1670688246
16,7,9,11,1670688504
16,7,9,11,1670688809
17,7,10,10,1670689076
17,7,10,10,1670689343
16,6,10,11,1670689612
16,6,10,11,1670689880
16,6,10,11,1670690146
16,6,10,11,1670690678
16,6,10,11,1670690945
16,6,10,11,1670691212
16,6,10,11,1670691479
16,6,10,11,1670691746
16,6,10,11,1670692014
15,6,9,12,1670692285
11,6,5,16,1670692551
11,6,5,16,1670693084
9,6,3,18,1670693353
11,7,4,16,1670693622
11,7,4,16,1670693889
11,7,4,16,1670694158
12,7,5,15,1670694425
12,7,5,15,1670694692
11,7,4,16,1670694957
11,7,4,16,1670695486
11,7,4,16,1670695753
9,7,2,18,1670696021
9,7,2,18,1670696289
10,7,3,17,1670696556
8,7,1,19,1670696820
8,7,1,19,1670697087
8,7,1,19,1670697354
8,7,1,19,1670697889
8,7,1,19,1670698158
7,7,0,20,1670698425
8,8,0,19,1670698693
8,8,0,19,1670698961
10,8,2,17,1670699226
10,8,2,17,1670699493
10,8,2,17,1670699761
10,8,2,17,1670700029
10,8,2,17,1670700564
9,7,2,18,1670700835
9,7,2,18,1670701101
8,6,2,19,1670701369
7,5,2,20,1670701636
7,5,2,20,1670701903
6,5,1,21,1670702171
5,4,1,22,1670702438
5,4,1,22,1670702972
5,4,1,22,1670703241
5,4,1,22,1670703508
5,4,1,22,1670703776
5,4,1,22,1670704041
5,4,1,22,1670704310
5,4,1,22,1670704579
4,3,1,23,1670704847
4,3,1,23,1670705382
4,3,1,23,1670705647
3,2,1,24,1670705912
3,2,1,24,1670706179
3,2,1,24,1670706448
3,2,1,24,1670706716
4,2,2,23,1670706984
4,2,2,23,1670707252
4,2,2,23,1670707778
3,1,2,23,1670708046
3,2,1,24,1670708314
3,2,1,24,1670708583
3,2,1,24,1670708852
2,1,1,25,1670709118
2,1,1,25,1670709384
2,1,1,25,1670709651
2,1,1,25,1670709919
2,1,1,25,1670710455
2,1,1,25,1670710722
3,1,2,24,1670710987
3,1,2,24,1670711255
3,1,2,24,1670711522
3,1,2,24,1670711790
3,1,2,24,1670712056
3,1,2,24,1670712324
3,1,2,24,1670712859
3,1,2,24,1670713127
3,1,2,24,1670713394
3,1,2,24,1670713661
3,1,2,24,1670713928
3,1,2,24,1670714197
3,1,2,24,1670714464
3,1,2,24,1670714729
3,1,2,24,1670715261
3,1,2,24,1670715528
3,1,2,24,1670715794
3,1,2,24,1670716060
3,1,2,24,1670716329
3,1,2,24,1670716596
3,1,2,24,1670716860
3,1,2,24,1670717126
3,1,2,24,1670717663
3,1,2,24,1670717931
3,1,2,24,1670718197
3,1,2,24,1670718464
3,1,2,24,1670718732
3,1,2,24,1670718997
3,1,2,24,1670719265
3,1,2,24,1670719532
3,1,2,24,1670720067
3,1,2,24,1670720333
3,1,2,24,1670720600
3,1,2,24,1670720868
3,1,2,24,1670721135
3,1,2,24,1670721403
3,1,2,24,1670721671
3,1,2,24,1670721938
3,1,2,24,1670722474
3,1,2,24,1670722742
3,1,2,24,1670723010
3,1,2,24,1670723283
3,1,2,24,1670723551
3,1,2,24,1670723818
3,1,2,24,1670724086
3,1,2,24,1670724354
3,1,2,24,1670724623
3,1,2,24,1670725152
3,1,2,24,1670725416
3,1,2,24,1670725683
3,1,2,24,1670725951
3,1,2,24,1670726219
3,1,2,24,1670726488
3,1,2,24,1670726756
3,1,2,24,1670727023
3,1,2,24,1670727551
3,1,2,24,1670727818
3,1,2,24,1670728086
3,1,2,24,1670728354
3,1,2,24,1670728622
3,1,2,24,1670728890
3,1,2,24,1670729158
3,1,2,24,1670729425
3,1,2,24,1670729960
3,1,2,24,1670730228
3,1,2,24,1670730498
2,1,1,25,1670730766
2,1,1,25,1670731033
2,1,1,25,1670731300
2,1,1,25,1670731568
2,1,1,25,1670731832
2,1,1,25,1670732363
2,1,1,25,1670732627
2,1,1,25,1670732891
2,1,1,25,1670733160
2,1,1,25,1670733426
2,1,1,25,1670733695
2,1,1,25,1670733962
2,1,1,25,1670734229
2,1,1,25,1670734763
2,1,1,25,1670735027
2,1,1,25,1670735294
2,1,1,25,1670735558
2,1,1,25,1670735826
2,1,1,25,1670736093
2,1,1,25,1670736360
2,1,1,25,1670736892
2,1,1,25,1670737155
2,1,1,25,1670737422
2,1,1,25,1670737689
2,1,1,25,1670737956
2,1,1,25,1670738221
2,1,1,25,1670738487
2,1,1,25,1670738756
2,1,1,25,1670739019
2,1,1,25,1670739554
2,1,1,25,1670739822
2,1,1,25,1670740085
2,1,1,25,1670740352
2,1,1,25,1670740619
2,1,1,25,1670740887
2,1,1,25,1670741156
2,1,1,25,1670741688
2,1,1,25,1670741955
2,1,1,25,1670742219
2,1,1,25,1670742487
2,1,1,25,1670742751
2,1,1,25,1670743019
2,1,1,25,1670743287
2,1,1,25,1670743554
2,1,1,25,1670743817
2,1,1,25,1670744349
2,1,1,25,1670744616
2,1,1,25,1670744882
2,1,1,25,1670745150
2,1,1,25,1670745417
2,1,1,25,1670745687
2,1,1,25,1670745954
2,1,1,25,1670746221
2,1,1,25,1670746751
2,1,1,25,1670747020
2,1,1,25,1670747284
2,1,1,25,1670747552
2,1,1,25,1670747816
2,1,1,25,1670748084
2,1,1,25,1670748354
2,1,1,25,1670748887
2,1,1,25,1670749154
2,1,1,25,1670749419
2,1,1,25,1670749686
2,1,1,25,1670749955
2,1,1,25,1670750223
2,1,1,25,1670750490
2,1,1,25,1670750759
2,1,1,25,1670751293
2,1,1,25,1670751559
2,1,1,25,1670751826
2,1,1,25,1670752095
2,1,1,25,1670752361
2,1,1,25,1670752626
2,1,1,25,1670752892
2,1,1,25,1670753158
2,1,1,25,1670753422
2,1,1,25,1670753958
2,1,1,25,1670754225
3,1,2,24,1670754492
3,1,2,24,1670754756
3,1,2,24,1670755021
3,1,2,24,1670755290
3,1,2,24,1670755555
3,1,2,24,1670756083
3,1,2,24,1670756350
3,1,2,24,1670756615
3,1,2,24,1670756882
3,1,2,24,1670757149
3,1,2,24,1670757418
3,1,2,24,1670757683
3,1,2,24,1670757950
2,1,1,25,1670758487
2,1,1,25,1670758754
2,1,1,25,1670759022
2,1,1,25,1670759290
2,1,1,25,1670759556
3,1,2,24,1670759824
3,1,2,24,1670760091
3,1,2,24,1670760359
3,1,2,24,1670760891
3,1,2,24,1670761157
3,1,2,24,1670761424
3,1,2,24,1670761691
3,1,2,24,1670761959
3,1,2,24,1670762227
3,1,2,24,1670762493
2,1,1,25,1670762761
2,1,1,25,1670763028
2,1,1,25,1670763565
2,1,1,25,1670763832
2,1,1,25,1670764098
2,1,1,25,1670764368
2,1,1,25,1670764637
3,1,2,24,1670764901
3,1,2,24,1670765170
4,2,2,23,1670765438
4,2,2,23,1670765973
4,2,2,23,1670766242
4,2,2,23,1670766503
4,2,2,23,1670766767
4,2,2,23,1670767035
3,2,1,24,1670767303
3,2,1,24,1670767573
3,2,1,24,1670767836
3,2,1,24,1670768371
2,2,0,25,1670768636
2,2,0,25,1670768904
2,2,0,25,1670769171
2,2,0,25,1670769439
2,2,0,25,1670769707
2,2,0,25,1670769974
2,2,0,25,1670770242
2,2,0,25,1670770778
2,2,0,25,1670771046
2,2,0,25,1670771312
2,2,0,25,1670771581
2,2,0,25,1670771850
2,2,0,25,1670772118
2,2,0,25,1670772383
2,2,0,25,1670772652
3,2,1,24,1670772916
3,2,1,24,1670773453
3,2,1,24,1670773719
3,2,1,24,1670773988
3,2,1,24,1670774255
5,2,3,22,1670774519
4,2,2,23,1670774787
4,2,2,23,1670775049
4,2,2,23,1670775349
4,2,2,23,1670775868
5,2,3,22,1670776128
5,2,3,22,1670776390
5,2,3,22,1670776651
5,2,3,22,1670776651
5,2,3,22,1670777240
5,2,3,22,1670777511
5,2,3,22,1670777775
5,2,3,22,1670778043
5,2,3,22,1670778576
5,2,3,22,1670778840
5,2,3,22,1670779102
5,2,3,22,1670779368
5,2,3,22,1670779636
6,2,4,21,1670779904
7,2,5,20,1670780171
7,2,5,20,1670780434
7,2,5,20,1670780961
6,2,4,21,1670781226
6,2,4,21,1670781489
7,2,5,20,1670781753
7,2,5,20,1670782016
7,2,5,20,1670782277
7,2,5,20,1670782545
7,2,5,20,1670783073
8,2,6,19,1670783338
8,2,6,19,1670783601
8,2,6,19,1670783867
8,2,6,19,1670784129
7,2,5,20,1670784391
7,2,5,20,1670784659
7,2,5,20,1670785181
7,2,5,20,1670785445
7,2,5,20,1670785708
7,2,5,20,1670785972
6,1,5,21,1670786235
5,0,5,21,1670786494
4,0,4,23,1670786759
4,0,4,23,1670787023
4,0,4,23,1670787554
4,0,4,23,1670787820
4,0,4,23,1670788083
4,0,4,23,1670788350
3,0,3,24,1670788615
4,0,4,23,1670788880
4,0,4,23,1670789144
4,0,4,23,1670789675
4,0,4,23,1670789937
6,0,6,21,1670790201
6,0,6,21,1670790463
6,0,6,21,1670790729
6,0,6,21,1670790994
6,0,6,21,1670791255
6,0,6,21,1670791518
7,0,7,20,1670792053
7,0,7,20,1670792317
6,0,6,21,1670792583
6,0,6,21,1670792847
6,0,6,21,1670793109
6,0,6,21,1670793370
6,0,6,21,1670793636
6,0,6,21,1670794168
6,0,6,21,1670794429
6,0,6,21,1670794696
6,0,6,21,1670794959
6,0,6,21,1670795222
6,0,6,21,1670795488
6,0,6,21,1670795755
6,0,6,21,1670796283
6,0,6,21,1670796546
6,0,6,21,1670796812
6,0,6,21,1670797077
6,0,6,21,1670797342
6,0,6,21,1670797605
6,0,6,21,1670797867
6,0,6,21,1670798393
6,0,6,21,1670798658
6,0,6,21,1670798922
6,0,6,21,1670799184
6,0,6,21,1670799449
6,0,6,21,1670799714
6,0,6,21,1670799979
6,0,6,21,1670800242
6,0,6,21,1670800775
6,0,6,21,1670801039
6,0,6,21,1670801305
6,0,6,21,1670801572
6,0,6,21,1670801840
6,0,6,21,1670802105
6,0,6,21,1670802371
6,0,6,21,1670802632
6,0,6,21,1670803166
6,0,6,21,1670803431
6,0,6,21,1670803699
6,0,6,21,1670803966
6,0,6,21,1670804227
6,0,6,21,1670804493
6,0,6,21,1670804759
6,0,6,21,1670805293
6,0,6,21,1670805558
6,0,6,21,1670805825
6,0,6,21,1670806088
6,0,6,21,1670806353
6,0,6,21,1670806620
6,0,6,21,1670806882
6,0,6,21,1670807147
6,0,6,21,1670807675
6,0,6,21,1670807941
6,0,6,21,1670808201
6,0,6,21,1670808465
6,0,6,21,1670808730
6,0,6,21,1670808991
6,0,6,21,1670809256
6,0,6,21,1670809524
6,0,6,21,1670810049
6,0,6,21,1670810314
6,0,6,21,1670810577
6,0,6,21,1670810845
6,0,6,21,1670811112
6,0,6,21,1670811375
6,0,6,21,1670811639
6,0,6,21,1670812163
6,0,6,21,1670812425
6,0,6,21,1670812690
6,0,6,21,1670812951
6,0,6,21,1670813216
6,0,6,21,1670813475
6,0,6,21,1670813740
6,0,6,21,1670814266
6,0,6,21,1670814526
6,0,6,21,1670814790
6,0,6,21,1670815055
6,0,6,21,1670815319
6,0,6,21,1670815584
6,0,6,21,1670815849
6,0,6,21,1670816381
6,0,6,21,1670816650
6,0,6,21,1670816915
6,0,6,21,1670817179
6,0,6,21,1670817443
6,0,6,21,1670817711
6,0,6,21,1670817976
6,0,6,21,1670818241
6,0,6,21,1670818764
6,0,6,21,1670819030
6,0,6,21,1670819295
6,0,6,21,1670819563
6,0,6,21,1670819830
6,0,6,21,1670820098
6,0,6,21,1670820361
6,0,6,21,1670820628
6,0,6,21,1670821159
6,0,6,21,1670821425
6,0,6,21,1670821688
6,0,6,21,1670821954
6,0,6,21,1670822218
6,0,6,21,1670822484
6,0,6,21,1670822750
6,0,6,21,1670823276
6,0,6,21,1670823539
6,0,6,21,1670823805
6,0,6,21,1670824070
6,0,6,21,1670824337
6,0,6,21,1670824605
6,0,6,21,1670824870
6,0,6,21,1670825129
6,0,6,21,1670825658
6,0,6,21,1670825922
6,0,6,21,1670826189
6,0,6,21,1670826456
6,0,6,21,1670826721
6,0,6,21,1670826988
8,0,8,19,1670827250
9,0,9,18,1670827781
12,0,12,15,1670828044
14,0,14,13,1670828312
22,0,22,5,1670828574
25,0,25,2,1670828843
26,0,26,1,1670829109
26,0,26,1,1670829373
25,0,25,2,1670829635
26,0,26,1,1670830167
26,0,26,1,1670830428
26,0,26,1,1670830692
26,0,26,1,1670830955
26,0,26,1,1670831223
26,0,26,1,1670831485
26,0,26,1,1670831750
26,0,26,1,1670832274
26,0,26,1,1670832539
26,0,26,1,1670832797
26,0,26,1,1670833061
26,0,26,1,1670833319
26,0,26,1,1670833584
26,0,26,1,1670833846
26,0,26,1,1670834375
26,0,26,1,1670834637
26,0,26,1,1670834899
26,0,26,1,1670835163
26,0,26,1,1670835430
26,0,26,1,1670835691
26,0,26,1,1670835954
26,0,26,1,1670836486
26,0,26,1,1670836749
26,0,26,1,1670837016
26,0,26,1,1670837284
26,0,26,1,1670837551
26,0,26,1,1670837814
26,0,26,1,1670838081
26,0,26,1,1670838348
26,0,26,1,1670838876
26,0,26,1,1670839141
26,0,26,1,1670839409
26,0,26,1,1670839669
26,0,26,1,1670839933
26,0,26,1,1670840201
26,0,26,1,1670840466
26,0,26,1,1670840729
27,1,26,0,1670841260
27,1,26,0,1670841525
26,0,26,0,1670841788
26,0,26,1,1670842051
26,0,26,1,1670842316
27,0,27,0,1670842576
25,0,25,2,1670842840
21,0,21,6,1670843371
24,0,24,3,1670843638
25,0,25,2,1670843903
25,0,25,2,1670844169
25,0,25,2,1670844435
24,0,24,3,1670844700
24,0,24,3,1670844963
22,0,22,5,1670845234
22,0,22,5,1670845762
21,0,21,6,1670846026
20,0,20,7,1670846291
21,0,21,6,1670846557
20,0,20,7,1670846826
19,0,19,8,1670847093
19,0,19,8,1670847361
19,0,19,8,1670847894
17,0,17,10,1670848158
16,0,16,11,1670848424
16,0,16,11,1670848689
17,0,17,10,1670848955
16,0,16,11,1670849221
15,0,15,12,1670849485
16,0,16,11,1670849754
13,0,13,13,1670850285
12,0,12,14,1670850548
10,0,10,16,1670850816
5,0,5,22,1670851079
5,0,5,22,1670851347
5,0,5,22,1670851609
5,0,5,22,1670851874
5,0,5,22,1670852143
5,0,5,22,1670852673
5,0,5,22,1670852938
6,0,6,21,1670853204
7,0,7,20,1670853466
8,0,8,19,1670853731
8,0,8,19,1670853998
7,0,7,20,1670854264
7,0,7,20,1670854528
7,0,7,20,1670855055
7,0,7,20,1670855321
6,0,6,21,1670855588
6,0,6,21,1670855853
6,0,6,21,1670856115
6,0,6,21,1670856379
6,0,6,21,1670856646
8,0,8,19,1670857176
8,0,8,19,1670857438
8,0,8,19,1670857700
8,0,8,19,1670857963
7,0,7,20,1670858228
7,0,7,20,1670858495
7,0,7,20,1670858759
6,0,6,21,1670859288
6,0,6,21,1670859551
6,0,6,21,1670859814
7,0,7,20,1670860075
8,0,8,19,1670860340
8,0,8,19,1670860603
8,0,8,19,1670860868
8,0,8,19,1670861128
8,0,8,19,1670861656
8,0,8,19,1670861922
8,0,8,19,1670862187
8,0,8,19,1670862448
7,0,7,20,1670862711
7,0,7,20,1670862977
8,1,7,19,1670863243
18,10,8,9,1670863544
18,10,8,9,1670864067
18,10,8,9,1670864327
18,10,8,9,1670864591
18,10,8,9,1670864851
18,10,8,9,1670865113
18,10,8,9,1670865417
17,10,7,10,1670865684
16,9,7,11,1670865949
16,9,7,11,1670866483
15,8,7,12,1670866751
15,8,7,12,1670867018
15,8,7,12,1670867286
15,8,7,12,1670867555
15,8,7,12,1670867822
15,8,7,12,1670868087
15,8,7,12,1670868355
14,7,7,13,1670868888
14,7,7,13,1670869158
14,7,7,13,1670869427
13,6,7,14,1670869693
13,6,7,14,1670869963
14,5,9,12,1670870231
14,6,8,13,1670870498
14,6,8,13,1670870768
14,6,8,13,1670871036
13,5,8,13,1670871572
13,6,7,14,1670871837
11,6,5,16,1670872105
8,4,4,18,1670872374
7,5,2,20,1670872640
7,5,2,20,1670872908
6,5,1,21,1670873169
5,5,0,22,1670873437
3,3,0,23,1670873972
3,3,0,24,1670874239
3,3,0,24,1670874508
3,3,0,24,1670874775
3,3,0,24,1670875046
2,2,0,25,1670875311
2,2,0,25,1670875577
2,2,0,25,1670875846
2,2,0,25,1670876384
2,2,0,25,1670876652
3,2,1,24,1670876917
3,2,1,24,1670877184
2,2,0,25,1670877456
3,2,1,24,1670877724
3,2,1,24,1670877993
3,2,1,24,1670878261
3,2,1,24,1670878797
3,2,1,24,1670879068
3,2,1,24,1670879338
3,2,1,24,1670879604
3,2,1,24,1670879872
3,2,1,24,1670880141
3,2,1,24,1670880409
3,2,1,24,1670880676
3,2,1,24,1670880946
4,2,2,23,1670881479
4,2,2,23,1670881747
4,2,2,23,1670882015
4,2,2,23,1670882283
3,1,2,24,1670882551
2,1,1,25,1670882820
2,1,1,25,1670883086
2,1,1,25,1670883350
2,1,1,25,1670883885
2,1,1,25,1670884154
2,1,1,25,1670884423
2,1,1,25,1670884692
2,1,1,25,1670884960
2,1,1,25,1670885231
2,1,1,25,1670885498
2,1,1,25,1670885766
2,1,1,25,1670886034
2,1,1,25,1670886571
2,1,1,25,1670886840
2,1,1,25,1670887108
2,1,1,25,1670887377
2,1,1,25,1670887645
2,1,1,25,1670887912
2,1,1,25,1670888181
2,1,1,25,1670888445
2,1,1,25,1670888982
2,1,1,25,1670889245
2,1,1,25,1670889513
2,1,1,25,1670889778
2,1,1,25,1670890046
2,1,1,25,1670890313
2,1,1,25,1670890583
2,1,1,25,1670890850
2,1,1,25,1670891387
2,1,1,25,1670891654
2,1,1,25,1670891922
2,1,1,25,1670892188
2,1,1,25,1670892456
2,1,1,25,1670892723
2,1,1,25,1670892992
2,1,1,25,1670893259
2,1,1,25,1670893791
2,1,1,25,1670894060
2,1,1,25,1670894326
2,1,1,25,1670894595
2,1,1,25,1670894864
2,1,1,25,1670895132
2,1,1,25,1670895400
2,1,1,25,1670895665
2,1,1,25,1670895931
2,1,1,25,1670896465
2,1,1,25,1670896733
2,1,1,25,1670897000
2,1,1,25,1670897270
2,1,1,25,1670897535
2,1,1,25,1670897801
2,1,1,25,1670898065
2,1,1,25,1670898332
2,1,1,25,1670898868
2,1,1,25,1670899136
2,1,1,25,1670899404
2,1,1,25,1670899673
2,1,1,25,1670899938
2,1,1,25,1670900206
2,1,1,25,1670900474
2,1,1,25,1670900742
2,1,1,25,1670901277
2,1,1,25,1670901547
2,1,1,25,1670901815
2,1,1,25,1670902083
2,1,1,25,1670902352
2,1,1,25,1670902617
2,1,1,25,1670902883
2,1,1,25,1670903151
2,1,1,25,1670903420
2,1,1,25,1670903952
3,1,2,24,1670904221
5,3,2,22,1670904485
15,8,7,12,1670904752
15,8,7,12,1670905021
15,8,7,12,1670905289
15,8,7,12,1670905557
15,8,7,12,1670906092
15,8,7,12,1670906360
15,8,7,12,1670906628
15,8,7,12,1670906895
15,8,7,12,1670907163
16,8,8,11,1670907429
16,8,8,11,1670907697
16,8,8,11,1670907961
16,8,8,11,1670908227
16,8,8,11,1670908759
16,8,8,11,1670909022
16,8,8,11,1670909282
16,8,8,11,1670909545
16,8,8,11,1670909808
16,8,8,11,1670910072
16,8,8,11,1670910339
16,8,8,11,1670910866
16,8,8,11,1670911129
16,8,8,11,1670911392
16,8,8,11,1670911659
16,8,8,11,1670911925
16,8,8,11,1670912185
15,8,7,12,1670912449
15,8,7,12,1670912975
15,8,7,12,1670913239
15,8,7,12,1670913503
18,8,10,9,1670913768
24,9,15,3,1670914034
25,9,16,2,1670914299
27,9,18,0,1670914558
27,9,18,0,1670915090
27,9,18,0,1670915357
26,9,17,1,1670915622
26,9,17,1,1670915886
27,9,18,0,1670916149
27,9,18,0,1670916415
27,9,18,0,1670916677
27,9,18,0,1670916940
27,9,18,0,1670917467
27,9,18,0,1670917728
27,9,18,0,1670917990
27,9,18,0,1670918254
27,9,18,0,1670918517
27,9,18,0,1670918779
27,9,18,0,1670919041
27,9,18,0,1670919568
27,9,18,0,1670919835
27,9,18,0,1670920100
27,9,18,0,1670920366
27,9,18,0,1670920629
27,9,18,0,1670920892
27,9,18,0,1670921153
27,9,18,0,1670921682
27,9,18,0,1670921942
27,9,18,0,1670922208
27,9,18,0,1670922476
27,9,18,0,1670922740
27,9,18,0,1670923000
27,9,18,0,1670923263
27,9,18,0,1670923526
27,9,18,0,1670924053
27,9,18,0,1670924314
26,8,18,0,1670924578
25,8,17,1,1670924846
25,8,17,1,1670925107
26,8,18,0,1670925369
27,8,19,0,1670925634
27,8,19,0,1670926156
25,8,17,2,1670926416
24,8,16,3,1670926682
24,8,16,3,1670926944
24,8,16,3,1670927207
23,8,15,4,1670927470
22,8,14,5,1670927734
24,8,16,3,1670928260
24,8,16,3,1670928525
25,8,17,2,1670928787
26,7,19,1,1670929049
23,7,16,4,1670929312
23,7,16,4,1670929574
23,6,17,3,1670929839
24,8,16,3,1670930363
24,8,16,3,1670930625
23,8,15,4,1670930892
24,8,16,3,1670931156
23,8,15,4,1670931424
22,8,14,5,1670931689
22,8,14,5,1670931957
22,8,14,5,1670932220
22,8,14,5,1670932753
21,8,13,6,1670933018
21,8,13,6,1670933283
18,6,12,8,1670933546
18,6,12,9,1670933811
20,6,14,7,1670934078
20,6,14,7,1670934341
19,5,14,7,1670934869
17,4,13,10,1670935131
13,3,10,14,1670935394
10,2,8,17,1670935658
10,1,9,16,1670935924
8,0,8,18,1670936185
12,0,12,15,1670936450
5,0,5,22,1670936979
2,0,2,25,1670937243
2,0,2,25,1670937505
4,0,4,23,1670937766
5,0,5,22,1670938026
4,0,4,23,1670938292
5,0,5,22,1670938554
6,0,6,21,1670939084
5,0,5,22,1670939350
5,0,5,22,1670939613
7,0,7,20,1670939876
7,0,7,20,1670940141
8,0,8,19,1670940406
9,0,9,18,1670940669
9,0,9,18,1670940936
9,0,9,18,1670941465
10,0,10,17,1670941730
10,0,10,17,1670941997
11,0,11,16,1670942262
10,0,10,17,1670942527
10,0,10,17,1670942791
10,0,10,17,1670943057
10,0,10,17,1670943585
10,0,10,17,1670943849
9,0,9,18,1670944111
9,0,9,18,1670944380
9,0,9,18,1670944648
8,0,8,19,1670944918
8,0,8,19,1670945183
8,0,8,19,1670945448
8,0,8,19,1670945983
8,0,8,19,1670946249
8,0,8,19,1670946513
8,0,8,19,1670946779
13,0,13,14,1670947045
12,0,12,15,1670947308
12,0,12,15,1670947574
12,0,12,15,1670947839
11,0,11,16,1670948366
11,0,11,16,1670948634
11,0,11,16,1670948898
11,0,11,16,1670949162
10,0,10,17,1670949427
10,0,10,17,1670949694
8,0,8,19,1670949958
8,0,8,19,1670950486
7,0,7,20,1670950752
7,0,7,20,1670951017
8,0,8,19,1670951282
6,0,6,21,1670951548
4,0,4,23,1670951849
4,0,4,23,1670952110
4,0,4,23,1670952371
4,0,4,23,1670952893
3,0,3,24,1670953154
3,0,3,24,1670953417
3,0,3,24,1670953720
3,0,3,24,1670953989
3,0,3,24,1670954259
2,0,2,25,1670954525
0,0,0,27,1670954794
0,0,0,27,1670955063
0,0,0,27,1670955597
0,0,0,27,1670955864
0,0,0,27,1670956132
0,0,0,27,1670956401
0,0,0,27,1670956668
0,0,0,27,1670956936
0,0,0,27,1670957204
0,0,0,27,1670957471
0,0,0,27,1670957740
0,0,0,27,1670958274
0,0,0,27,1670958541
0,0,0,27,1670958808
0,0,0,27,1670959073
0,0,0,27,1670959339
1,0,1,26,1670959605
1,0,1,26,1670959871
1,0,1,26,1670960139
1,0,1,26,1670960673
1,0,1,26,1670960938
0,0,0,27,1670961205
0,0,0,27,1670961473
1,0,1,26,1670961741
0,0,0,27,1670962005
0,0,0,27,1670962272
0,0,0,27,1670962539
0,0,0,27,1670963074
1,0,1,26,1670963343
1,0,1,26,1670963612
1,0,1,26,1670963881
1,0,1,26,1670964147
1,0,1,26,1670964417
1,0,1,26,1670964683
1,0,1,26,1670964950
0,0,0,27,1670965486
0,0,0,27,1670965752
0,0,0,27,1670966020
0,0,0,27,1670966284
0,0,0,27,1670966551
0,0,0,27,1670966817
0,0,0,27,1670967085
0,0,0,27,1670967352
0,0,0,27,1670967886
0,0,0,27,1670968152
0,0,0,27,1670968421
0,0,0,27,1670968688
0,0,0,27,1670968957
0,0,0,27,1670969225
0,0,0,27,1670969492
0,0,0,27,1670969759
0,0,0,27,1670970286
0,0,0,27,1670970553
0,0,0,27,1670970819
0,0,0,27,1670971084
0,0,0,27,1670971347
0,0,0,27,1670971613
0,0,0,27,1670971880
0,0,0,27,1670972144
0,0,0,27,1670972676
0,0,0,27,1670972944
0,0,0,27,1670973212
4,1,3,23,1670973479
6,1,5,22,1670973744
6,1,5,22,1670974007
6,1,5,22,1670974271
6,1,5,22,1670974537
6,1,5,22,1670975066
6,1,5,22,1670975331
6,1,5,22,1670975595
6,1,5,22,1670975860
6,1,5,22,1670976125
6,1,5,22,1670976388
6,1,5,22,1670976653
6,1,5,22,1670977186
6,1,5,22,1670977453
6,1,5,22,1670977718
6,1,5,22,1670977983
6,1,5,22,1670978247
6,1,5,22,1670978511
6,1,5,22,1670978777
6,1,5,22,1670979042
6,1,5,22,1670979572
6,1,5,22,1670979841
6,1,5,22,1670980107
6,1,5,22,1670980370
6,1,5,22,1670980636
6,1,5,22,1670980903
6,1,5,22,1670981169
6,1,5,22,1670981700
6,1,5,22,1670981965
6,1,5,22,1670982231
6,1,5,22,1670982492
6,1,5,22,1670982756
6,1,5,22,1670983021
5,1,4,23,1670983287
5,1,4,23,1670983553
5,1,4,23,1670984079
5,1,4,23,1670984346
5,1,4,23,1670984611
5,1,4,23,1670984879
5,1,4,23,1670985147
5,1,4,23,1670985413
5,1,4,23,1670985682
5,1,4,23,1670985949
5,1,4,23,1670986479
5,1,4,23,1670986772
5,1,4,23,1670987038
5,1,4,23,1670987307
5,1,4,23,1670987573
5,1,4,23,1670987839
5,1,4,23,1670988106
5,1,4,23,1670988374
5,1,4,23,1670988642
5,1,4,23,1670989176
5,1,4,23,1670989440
5,1,4,23,1670989708
5,1,4,23,1670989975
5,1,4,23,1670990241
5,1,4,23,1670990507
5,1,4,23,1670990776
5,1,4,23,1670991043
5,1,4,23,1670991572
5,1,4,23,1670991838
5,1,4,23,1670992105
5,1,4,23,1670992371
5,1,4,23,1670992635
5,1,4,23,1670992902
5,1,4,23,1670993169
5,1,4,23,1670993699
5,1,4,23,1670993967
5,1,4,23,1670994233
5,1,4,23,1670994497
5,1,4,23,1670994763
5,1,4,23,1670995029
5,1,4,23,1670995295
5,1,4,23,1670995561
5,1,4,23,1670996094
5,1,4,23,1670996358
5,1,4,23,1670996623
5,1,4,23,1670996889
5,1,4,23,1670997153
6,1,5,22,1670997418
6,1,5,22,1670997684
5,1,4,23,1670997951
5,1,4,23,1670998485
5,1,4,23,1670998751
5,1,4,23,1670999018
5,1,4,23,1670999284
5,1,4,23,1670999548
6,1,5,22,1670999814
7,1,6,21,1671000079
10,1,9,18,1671000347
11,1,10,17,1671000878
19,1,18,9,1671001144
25,1,24,3,1671001412
28,1,27,0,1671001676
28,1,27,0,1671001945
28,1,27,0,1671002209
27,1,26,1,1671002475
27,1,26,1,1671002740
26,1,25,2,1671003274
25,0,25,2,1671003538
26,0,26,2,1671003806
27,0,27,1,1671004072
27,0,27,1,1671004335
28,0,28,0,1671004603
28,0,28,0,1671004869
28,0,28,0,1671005136
28,0,28,0,1671005673
28,0,28,0,1671005938
28,0,28,0,1671006202
27,0,27,1,1671006472
28,0,28,0,1671006739
28,0,28,0,1671007004
28,0,28,0,1671007267
28,0,28,0,1671007797
28,0,28,0,1671008065
28,0,28,0,1671008332
28,0,28,0,1671008598
28,0,28,0,1671008867
27,0,27,1,1671009136
26,0,26,2,1671009401
26,0,26,2,1671009669
27,0,27,1,1671009933
27,0,27,1,1671010464
28,0,28,0,1671010733
28,0,28,0,1671010997
28,0,28,0,1671011265
28,0,28,0,1671011531
28,0,28,0,1671011797
27,0,27,1,1671012064
26,0,26,2,1671012594
23,0,23,5,1671012862
23,0,23,5,1671013127
24,0,24,4,1671013394
24,0,24,4,1671013662
25,0,25,3,1671013929
26,1,25,2,1671014193
28,1,27,0,1671014460
28,1,27,0,1671014728
25,1,24,3,1671015257
25,0,25,3,1671015520
24,0,24,4,1671015786
24,0,24,4,1671016050
22,0,22,6,1671016315
22,0,22,6,1671016579
23,0,23,5,1671016842
23,0,23,5,1671017374
21,0,21,7,1671017637
22,0,22,6,1671017902
22,0,22,6,1671018166
21,0,21,7,1671018431
21,0,21,7,1671018695
20,0,20,8,1671018960
20,0,20,8,1671019224
19,0,19,9,1671019755
19,0,19,9,1671020018
19,0,19,9,1671020282
19,0,19,9,1671020542
19,0,19,9,1671020806
18,0,18,10,1671021073
18,0,18,10,1671021337
18,0,18,10,1671021870
17,0,17,11,1671022137
17,0,17,11,1671022402
19,0,19,9,1671022666
19,0,19,9,1671022931
16,0,16,12,1671023195
14,0,14,14,1671023457
14,0,14,14,1671023984
12,0,12,16,1671024247
11,0,11,17,1671024508
7,0,7,21,1671024768
8,0,8,20,1671025031
6,0,6,22,1671025298
7,0,7,21,1671025561
5,0,5,23,1671026088
1,0,1,27,1671026352
4,0,4,24,1671026612
6,0,6,22,1671026874
7,0,7,21,1671027138
7,0,7,21,1671027404
9,0,9,19,1671027664
9,0,9,19,1671028188
12,0,12,16,1671028452
13,0,13,15,1671028713
13,0,13,15,1671028974
13,0,13,15,1671029236
14,0,14,14,1671029498
15,0,15,13,1671029759
14,0,14,14,1671030284
13,0,13,15,1671030548
13,0,13,15,1671030810
14,0,14,14,1671031071
13,0,13,15,1671031339
14,0,14,14,1671031601
12,0,12,16,1671031861
12,0,12,16,1671032387
12,0,12,16,1671032649
11,0,11,17,1671032912
12,0,12,16,1671033175
11,0,11,17,1671033436
9,0,9,19,1671033699
8,0,8,20,1671033961
8,0,8,20,1671034486
4,0,4,24,1671034747
5,0,5,23,1671035014
5,0,5,22,1671035278
8,0,8,20,1671035538
6,0,6,22,1671035802
6,0,6,22,1671036064
6,0,6,22,1671036590
7,0,7,21,1671036852
5,0,5,23,1671037113
4,0,4,24,1671037378
3,0,3,25,1671037641
1,0,1,27,1671037903
1,0,1,27,1671038168
0,0,0,28,1671038430
0,0,0,28,1671038961
0,0,0,28,1671039222
0,0,0,28,1671039483
0,0,0,28,1671039743
1,0,1,27,1671040042
1,0,1,27,1671040303
0,0,0,28,1671040564
0,0,0,28,1671041088
0,0,0,28,1671041349
0,0,0,28,1671041609
0,0,0,28,1671041906
0,0,0,28,1671042174
0,0,0,28,1671042444
0,0,0,28,1671042712
0,0,0,28,1671042976
1,0,1,27,1671043243
1,0,1,27,1671043776
0,0,0,28,1671044044
0,0,0,28,1671044308
1,0,1,27,1671044575
1,0,1,27,1671044840
1,0,1,27,1671045109
2,0,2,26,1671045373
0,0,0,28,1671045639
0,0,0,28,1671046171
0,0,0,28,1671046432
0,0,0,28,1671046696
0,0,0,28,1671046958
0,0,0,28,1671047221
0,0,0,28,1671047484
1,0,1,27,1671047745
1,0,1,27,1671048269
0,0,0,28,1671048534
0,0,0,28,1671048796
1,0,1,27,1671049057
0,0,0,28,1671049322
0,0,0,27,1671049583
3,0,3,25,1671049844
2,0,2,26,1671050369
3,0,3,25,1671050629
3,0,3,25,1671050888
3,0,3,25,1671051148
1,0,1,27,1671051407
0,0,0,28,1671051667
0,0,0,28,1671052186
0,0,0,28,1671052444
0,0,0,28,1671052703
0,0,0,28,1671052963
0,0,0,28,1671053223
0,0,0,28,1671053484
0,0,0,28,1671053745
0,0,0,28,1671054277
1,0,1,27,1671054546
0,0,0,28,1671054813
0,0,0,28,1671055080
0,0,0,28,1671055348
0,0,0,28,1671055616
0,0,0,28,1671055885
0,0,0,28,1671056151
0,0,0,28,1671056682
0,0,0,28,1671056950
0,0,0,28,1671057218
0,0,0,28,1671057488
0,0,0,28,1671057756
0,0,0,28,1671058021
0,0,0,28,1671058289
0,0,0,28,1671058557
0,0,0,28,1671059094
0,0,0,28,1671059362
0,0,0,28,1671059631
0,0,0,28,1671059900
0,0,0,28,1671060168
0,0,0,28,1671060436
0,0,0,28,1671060704
0,0,0,28,1671060969
0,0,0,28,1671061235
0,0,0,28,1671061771
0,0,0,28,1671062039
0,0,0,28,1671062309
0,0,0,28,1671062575
0,0,0,28,1671062844
0,0,0,28,1671063112
0,0,0,28,1671063380
0,0,0,28,1671063650
0,0,0,28,1671064183
0,0,0,28,1671064452
0,0,0,28,1671064720
0,0,0,28,1671064987
0,0,0,28,1671065256
0,0,0,28,1671065519
0,0,0,28,1671065784
0,0,0,28,1671066051
0,0,0,28,1671066589
0,0,0,28,1671066857
0,0,0,28,1671067126
0,0,0,28,1671067396
0,0,0,28,1671067664
0,0,0,28,1671067932
0,0,0,28,1671068200
0,0,0,28,1671068469
0,0,0,28,1671068735
0,0,0,28,1671069271
0,0,0,28,1671069539
0,0,0,28,1671069807
0,0,0,28,1671070076
0,0,0,28,1671070345
0,0,0,28,1671070613
0,0,0,28,1671070880
0,0,0,28,1671071148
0,0,0,28,1671071683
0,0,0,28,1671071949
1,0,1,27,1671072218
1,0,1,27,1671072486
1,0,1,27,1671072753
1,0,1,27,1671073022
1,0,1,27,1671073288
1,0,1,27,1671073554
1,0,1,27,1671074086
1,0,1,27,1671074355
1,0,1,27,1671074624
1,0,1,27,1671074892
1,0,1,27,1671075160
1,0,1,27,1671075427
1,0,1,27,1671075692
1,0,1,27,1671075959
1,0,1,27,1671076228
1,0,1,27,1671076765
1,0,1,27,1671077028
1,0,1,27,1671077295
1,0,1,27,1671077562
1,0,1,27,1671077828
1,0,1,27,1671078096
1,0,1,27,1671078361
1,0,1,27,1671078628
1,0,1,27,1671079157
1,0,1,27,1671079420
1,0,1,27,1671079688
1,0,1,27,1671079955
1,0,1,27,1671080223
1,0,1,27,1671080492
1,0,1,27,1671080761
1,0,1,27,1671081028
1,0,1,27,1671081563
1,0,1,27,1671081830
1,0,1,27,1671082095
1,0,1,27,1671082364
1,0,1,27,1671082631
0,0,0,28,1671082898
0,0,0,28,1671083168
0,0,0,28,1671083432
0,0,0,28,1671083965
0,0,0,28,1671084233
0,0,0,28,1671084501
1,0,1,27,1671084767
1,0,1,27,1671085036
1,0,1,27,1671085306
1,0,1,27,1671085571
1,0,1,27,1671086102
1,0,1,27,1671086370
1,0,1,27,1671086642
3,0,3,25,1671086911
3,0,3,25,1671087180
5,0,5,23,1671087450
4,0,4,24,1671087718
5,0,5,23,1671087985
8,0,8,20,1671088251
9,0,9,19,1671088789
10,0,10,18,1671089051
9,0,9,19,1671089320
9,0,9,19,1671089587
10,0,10,18,1671089852
11,0,11,17,1671090118
11,0,11,17,1671090387
12,0,12,16,1671090654
13,0,13,15,1671091190
13,0,13,15,1671091453
16,1,15,12,1671091718
16,1,15,12,1671091986
19,1,18,9,1671092252
19,1,18,9,1671092517
19,1,18,9,1671092782
19,1,18,9,1671093048
20,1,19,8,1671093579
21,1,20,7,1671093844
23,2,21,5,1671094107
24,2,22,4,1671094370
25,2,23,3,1671094638
28,2,26,0,1671094905
28,2,26,0,1671095171
27,1,26,0,1671095440
27,1,26,1,1671095976
27,1,26,1,1671096245
27,1,26,1,1671096515
28,1,27,0,1671096780
28,1,27,0,1671097046
28,1,27,0,1671097311
28,1,27,0,1671097578
28,1,27,0,1671097846
28,1,27,0,1671098380
28,1,27,0,1671098646
28,1,27,0,1671098914
27,1,26,1,1671099178
28,1,27,0,1671099445
26,1,25,2,1671099713
26,1,25,2,1671099978
26,1,25,2,1671100249
26,1,25,2,1671100785
24,0,24,4,1671101053
25,0,25,3,1671101321
27,0,27,1,1671101589
27,0,27,1,1671101859
26,0,26,2,1671102127
26,0,26,2,1671102392
27,0,27,1,1671102659
26,0,26,2,1671103191
24,0,24,4,1671103460
26,0,26,2,1671103728
25,0,25,3,1671103992
24,0,24,4,1671104257
24,0,24,4,1671104525
24,0,24,4,1671104789
24,0,24,4,1671105053
23,0,23,5,1671105583
23,0,23,5,1671105852
24,0,24,4,1671106117
22,0,22,6,1671106386
22,0,22,6,1671106653
22,0,22,6,1671106919
21,0,21,7,1671107186
20,0,20,8,1671107452
20,0,20,8,1671107982
21,0,21,7,1671108249
19,1,18,9,1671108515
14,0,14,14,1671108783
11,0,11,17,1671109049
3,0,3,25,1671109312
1,0,1,27,1671109579
0,0,0,28,1671109843
0,0,0,28,1671110379
1,0,1,27,1671110644
1,0,1,27,1671110912
1,0,1,27,1671111175
1,0,1,27,1671111438
1,0,1,27,1671111706
2,0,2,26,1671111976
4,0,4,24,1671112241
3,0,3,25,1671112777
4,0,4,24,1671113045
6,0,6,22,1671113313
5,0,5,23,1671113578
4,0,4,24,1671113841
3,0,3,25,1671114105
3,0,3,25,1671114373
3,0,3,25,1671114641
3,0,3,25,1671115171
2,0,2,26,1671115450
4,0,4,24,1671115717
5,0,5,23,1671115984
8,0,8,19,1671116254
9,0,9,19,1671116520
4,0,4,24,1671116789
3,0,3,25,1671117058
2,0,2,26,1671117325
1,0,1,27,1671117862
0,0,0,28,1671118129
0,0,0,28,1671118396
0,0,0,28,1671118665
0,0,0,28,1671118931
0,0,0,28,1671119199
1,0,1,27,1671119464
2,0,2,26,1671119730
3,0,3,25,1671120263
0,0,0,28,1671120531
1,0,1,27,1671120798
0,0,0,28,1671121064
0,0,0,28,1671121326
0,0,0,28,1671121596
0,0,0,28,1671121864
0,0,0,28,1671122402
0,0,0,28,1671122669
0,0,0,28,1671122935
0,0,0,28,1671123206
0,0,0,28,1671123472
1,0,1,27,1671123737
0,0,0,28,1671124002
0,0,0,28,1671124272
0,0,0,28,1671124539
0,0,0,28,1671125069
0,0,0,28,1671125335
0,0,0,28,1671125603
0,0,0,28,1671125872
1,0,1,27,1671126137
0,0,0,28,1671126404
0,0,0,28,1671126671
0,0,0,28,1671127204
0,0,0,28,1671127469
0,0,0,28,1671127738
0,0,0,28,1671128004
0,0,0,28,1671128316
0,0,0,28,1671128578
0,0,0,28,1671128842
0,0,0,28,1671129104
0,0,0,28,1671129365
2,0,2,26,1671129626
1,0,1,27,1671130189
0,0,0,28,1671130454
0,0,0,28,1671130723
0,0,0,28,1671130991
0,0,0,28,1671131259
0,0,0,28,1671131527
0,0,0,28,1671131795
0,0,0,28,1671132061
0,0,0,28,1671132330
0,0,0,28,1671132868
0,0,0,28,1671133135
1,0,1,27,1671133405
0,0,0,28,1671133675
1,0,1,27,1671133940
0,0,0,28,1671134210
1,0,1,27,1671134476
1,0,1,27,1671134742
0,0,0,28,1671135012
0,0,0,28,1671135548
0,0,0,28,1671135816
0,0,0,28,1671136084
0,0,0,28,1671136351
2,0,2,26,1671136621
2,0,2,26,1671136889
0,0,0,28,1671137157
0,0,0,28,1671137420
0,0,0,28,1671137953
0,0,0,28,1671138220
0,0,0,28,1671138487
0,0,0,28,1671138756
0,0,0,28,1671139023
0,0,0,27,1671139290
2,0,2,25,1671139565
2,0,2,25,1671139833
2,0,2,25,1671140370
2,0,2,25,1671140640
3,0,3,25,1671140908
0,0,0,27,1671141174
0,0,0,27,1671141441
1,0,1,26,1671141706
1,0,1,26,1671141974
0,0,0,27,1671142241
0,0,0,27,1671142771
0,0,0,27,1671143036
0,0,0,27,1671143303
0,0,0,27,1671143569
0,0,0,27,1671143833
0,0,0,27,1671144100
0,0,0,27,1671144364
0,0,0,27,1671144631
1,0,1,26,1671145164
3,0,3,24,1671145432
3,0,3,24,1671145697
3,0,3,24,1671145964
3,0,3,24,1671146229
4,0,4,23,1671146491
4,0,4,23,1671146758
5,0,5,22,1671147286
5,0,5,22,1671147551
5,0,5,22,1671147817
6,0,6,22,1671147905
6,0,6,22,1671148461
6,0,6,22,1671148725
6,0,6,22,1671148990
6,0,6,22,1671149260
6,0,6,22,1671149527
6,0,6,22,1671149793
6,0,6,22,1671150061
6,0,6,22,1671150326
6,0,6,22,1671150858
6,0,6,22,1671151128
6,0,6,22,1671151391
6,0,6,22,1671151658
6,0,6,22,1671151920
5,0,5,23,1671152185
5,0,5,23,1671152450
5,0,5,23,1671152981
5,0,5,23,1671153246
5,0,5,23,1671153510
5,0,5,23,1671153778
5,0,5,23,1671154046
5,0,5,23,1671154309
5,0,5,23,1671154576
5,0,5,23,1671154842
5,0,5,23,1671155370
5,0,5,23,1671155637
5,0,5,23,1671155905
5,0,5,23,1671156170
5,0,5,23,1671156437
5,0,5,23,1671156706
5,0,5,23,1671156971
5,0,5,23,1671157236
5,0,5,23,1671157769
5,0,5,23,1671158037
6,0,6,22,1671158304
6,0,6,22,1671158571
6,0,6,22,1671158837
6,0,6,22,1671159106
6,0,6,22,1671159373
6,0,6,22,1671159637
6,0,6,22,1671160173
6,0,6,22,1671160441
6,0,6,22,1671160707
6,0,6,22,1671160973
6,0,6,22,1671161240
6,0,6,22,1671161505
6,0,6,22,1671161768
6,0,6,22,1671162037
6,0,6,22,1671162566
6,0,6,22,1671162835
6,0,6,22,1671163101
6,0,6,22,1671163367
6,0,6,22,1671163634
6,0,6,22,1671163899
6,0,6,22,1671164165
6,0,6,22,1671164429
6,0,6,22,1671164960
6,0,6,22,1671165228
6,0,6,22,1671165497
6,0,6,22,1671165764
6,0,6,22,1671166030
6,0,6,22,1671166293
6,0,6,22,1671166551
6,0,6,22,1671167074
6,0,6,22,1671167336
6,0,6,22,1671167600
6,0,6,22,1671167862
6,0,6,22,1671168123
6,0,6,22,1671168382
6,0,6,22,1671168645
6,0,6,22,1671169168
5,0,5,23,1671169429
5,0,5,23,1671169691
5,0,5,23,1671169951
5,0,5,23,1671170212
5,0,5,23,1671170477
5,0,5,23,1671170744
4,0,4,24,1671171270
4,0,4,24,1671171534
4,0,4,24,1671171797
3,0,3,25,1671172060
3,0,3,25,1671172327
3,0,3,25,1671172594
4,1,3,24,1671172857
6,1,5,22,1671173120
9,1,8,19,1671173644
11,1,10,17,1671173910
20,3,17,8,1671174172
24,3,21,4,1671174438
27,3,24,1,1671174699
28,3,25,0,1671174966
28,3,25,0,1671175488
27,3,24,1,1671175752
26,2,24,2,1671176012
26,2,24,2,1671176275
26,2,24,2,1671176537
27,2,25,1,1671176799
28,2,26,0,1671177059
28,2,26,0,1671177582
28,2,26,0,1671177844
28,2,26,0,1671178105
28,2,26,0,1671178364
28,2,26,0,1671178626
28,2,26,0,1671178890
19,1,18,9,1671179152
13,1,12,15,1671179680
16,1,15,12,1671179938
18,1,17,10,1671180204
20,1,19,8,1671180465
23,1,22,4,1671180729
26,1,25,1,1671180991
27,1,26,0,1671181253
26,1,25,1,1671181519
27,1,26,0,1671182044
27,1,26,0,1671182304
26,1,25,1,1671182563
27,1,26,0,1671182826
26,1,25,1,1671183088
27,1,26,0,1671183350
27,1,26,0,1671183879
27,1,26,0,1671184137
26,1,25,1,1671184401
27,1,26,0,1671184662
27,1,26,0,1671184930
27,1,26,0,1671185194
27,1,26,0,1671185454
26,0,26,1,1671185719
26,0,26,1,1671186244
26,0,26,1,1671186504
27,0,27,0,1671186763
27,0,27,0,1671187023
26,0,26,1,1671187285
25,0,25,2,1671187545
25,0,25,2,1671188071
25,0,25,2,1671188336
25,0,25,2,1671188605
23,0,23,4,1671188871
24,0,24,3,1671189134
24,0,24,3,1671189394
25,0,25,2,1671189657
23,0,23,3,1671190188
23,0,23,3,1671190450
23,0,23,3,1671190716
23,0,23,3,1671190978
22,0,22,4,1671191241
19,0,19,7,1671191502
18,0,18,8,1671191764
16,0,16,10,1671192290
15,0,15,11,1671192553
14,0,14,12,1671192816
9,0,9,17,1671193079
2,0,2,24,1671193339
3,0,3,23,1671193598
3,0,3,23,1671193861
2,0,2,24,1671194390
0,0,0,26,1671194652
0,0,0,26,1671194912
1,0,1,25,1671195176
0,0,0,26,1671195439
2,0,2,24,1671195698
0,0,0,26,1671195963
0,0,0,26,1671196223
0,0,0,26,1671196750
0,0,0,26,1671197010
0,0,0,26,1671197274
0,0,0,26,1671197537
0,0,0,26,1671197799
0,0,0,26,1671198067
0,0,0,26,1671198333
0,0,0,26,1671198858
1,0,1,25,1671199122
2,0,2,24,1671199387
2,0,2,24,1671199653
1,0,1,25,1671199916
2,0,2,24,1671200177
2,0,2,24,1671200442
2,0,2,24,1671200964
2,0,2,24,1671201229
1,0,1,25,1671201491
1,0,1,25,1671201750
2,0,2,24,1671202011
1,0,1,25,1671202271
0,0,0,26,1671202539
2,0,2,24,1671203069
2,0,2,24,1671203333
0,0,0,26,1671203593
2,0,2,24,1671203855
1,0,1,25,1671204121
1,0,1,25,1671204386
0,0,0,26,1671204653
0,0,0,26,1671205179
2,0,2,24,1671205441
2,0,2,24,1671205706
1,0,1,25,1671205973
1,0,1,24,1671206240
2,0,2,23,1671206504
1,0,1,24,1671206769
0,0,0,25,1671207028
0,0,0,26,1671207558
0,0,0,26,1671207826
1,0,1,25,1671208094
1,0,1,25,1671208358
1,0,1,25,1671208626
1,0,1,25,1671208893
2,0,2,24,1671209160
2,0,2,24,1671209693
1,0,1,25,1671209960
2,0,2,24,1671210223
0,0,0,26,1671210489
0,0,0,26,1671210756
0,0,0,26,1671211016
0,0,0,26,1671211281
0,0,0,26,1671211546
0,0,0,26,1671212075
0,0,0,26,1671212340
0,0,0,26,1671212603
0,0,0,26,1671212866
0,0,0,26,1671213132
0,0,0,26,1671213392
0,0,0,26,1671213655
0,0,0,26,1671213917
0,0,0,26,1671214447
0,0,0,26,1671214714
0,0,0,26,1671214981
0,0,0,26,1671215249
0,0,0,26,1671215513
0,0,0,26,1671215777
0,0,0,26,1671216039
1,0,1,25,1671216306
0,0,0,26,1671216306
0,0,0,26,1671217164
0,0,0,26,1671217424
0,0,0,26,1671217685
0,0,0,26,1671217947
0,0,0,26,1671218208
0,0,0,26,1671218509
0,0,0,26,1671218779
0,0,0,26,1671219047
0,0,0,26,1671219315
0,0,0,26,1671219851
1,0,1,25,1671220120
1,0,1,25,1671220389
2,0,2,24,1671220656
1,0,1,25,1671220925
2,0,2,24,1671221195
1,0,1,25,1671221463
2,0,2,24,1671221733
9,8,1,16,1671222266
12,12,0,14,1671222533
12,12,0,14,1671222799
12,12,0,14,1671223067
11,11,0,15,1671223335
11,11,0,15,1671223600
11,11,0,15,1671223868
11,11,0,15,1671224134
10,10,0,16,1671224669
10,10,0,16,1671224937
9,9,0,17,1671225209
9,9,0,17,1671225472
9,8,1,17,1671225739
9,8,1,17,1671226009
9,8,1,17,1671226278
9,8,1,17,1671226547
9,8,1,17,1671227084
9,7,2,16,1671227353
8,7,1,17,1671227621
7,7,0,19,1671227890
6,6,0,20,1671228157
6,6,0,20,1671228426
6,6,0,20,1671228694
6,6,0,20,1671228964
6,6,0,20,1671229232
6,6,0,20,1671229761
6,6,0,20,1671230030
6,6,0,20,1671230294
6,6,0,20,1671230561
6,6,0,20,1671230830
6,6,0,20,1671231099
6,6,0,20,1671231367
6,6,0,20,1671231637
5,5,0,21,1671232172
5,5,0,21,1671232439
5,5,0,21,1671232708
5,5,0,21,1671232974
4,4,0,22,1671233241
4,4,0,22,1671233509
5,4,1,21,1671233779
5,4,1,21,1671234046
5,4,1,21,1671234585
5,4,1,21,1671234852
5,4,1,21,1671235119
5,4,1,21,1671235389
5,4,1,21,1671235657
5,4,1,21,1671235923
5,4,1,21,1671236190
5,4,1,21,1671236460
5,4,1,21,1671236991
6,5,1,20,1671237260
6,5,1,20,1671237527
6,5,1,20,1671237795
6,5,1,20,1671238062
6,5,1,20,1671238331
6,5,1,20,1671238599
6,5,1,20,1671238868
7,5,2,19,1671239135
7,5,2,19,1671239669
7,5,2,19,1671239940
8,5,3,18,1671240209
8,5,3,18,1671240478
8,5,3,18,1671240745
8,5,3,18,1671241012
8,5,3,18,1671241280
8,5,3,18,1671241544
8,5,3,18,1671242076
8,5,3,18,1671242343
8,5,3,18,1671242612
8,5,3,18,1671242881
8,5,3,18,1671243151
8,5,3,18,1671243418
8,5,3,18,1671243686
8,5,3,18,1671243956
8,5,3,18,1671244224
8,5,3,18,1671244759
8,5,3,18,1671245029
8,5,3,18,1671245297
8,5,3,18,1671245562
8,5,3,18,1671245830
8,5,3,18,1671246097
8,5,3,18,1671246365
8,5,3,18,1671246632
8,5,3,18,1671247171
7,4,3,19,1671247438
7,4,3,19,1671247707
6,4,2,20,1671247977
6,4,2,20,1671248245
6,4,2,20,1671248512
6,4,2,20,1671248781
6,4,2,20,1671249049
6,4,2,20,1671249588
6,4,2,20,1671249857
6,4,2,20,1671250125
6,4,2,20,1671250392
6,4,2,20,1671250659
7,4,3,19,1671250930
7,4,3,19,1671251197
7,4,3,19,1671251466
7,4,3,19,1671251731
6,4,2,20,1671252266
6,4,2,20,1671252531
6,4,2,20,1671252799
6,4,2,20,1671253067
6,4,2,20,1671253333
6,4,2,20,1671253597
6,4,2,20,1671253865
6,4,2,20,1671254134
6,4,2,20,1671254668
6,4,2,20,1671254934
7,4,3,19,1671255197
7,4,3,19,1671255467
7,4,3,19,1671255734
7,4,3,19,1671256000
7,4,3,19,1671256269
7,4,3,19,1671256535
7,4,3,19,1671257068
7,4,3,19,1671257334
7,4,3,19,1671257603
7,4,3,19,1671257870
7,4,3,19,1671258138
7,4,3,19,1671258406
7,4,3,19,1671258674
7,4,3,19,1671258945
7,4,3,19,1671259211
7,4,3,19,1671259748
7,4,3,19,1671260018
7,4,3,19,1671260287
7,4,3,19,1671260555
7,4,3,19,1671260824
7,4,3,19,1671261091
7,4,3,19,1671261359
7,4,3,19,1671261629
7,4,3,19,1671262165
7,4,3,19,1671262431
7,4,3,19,1671262700
8,4,4,18,1671262969
8,4,4,18,1671263236
9,4,5,17,1671263502
9,4,5,17,1671263770
10,4,6,16,1671264039
11,4,7,15,1671264571
13,4,9,13,1671264839
15,4,11,11,1671265106
16,4,12,10,1671265376
16,4,12,10,1671265642
16,4,12,10,1671265912
16,4,12,10,1671266177
17,4,13,9,1671266444
17,4,13,9,1671266979
18,4,14,8,1671267249
18,4,14,8,1671267514
17,3,14,9,1671267783
17,3,14,9,1671268052
17,3,14,9,1671268318
17,3,14,9,1671268581
17,3,14,9,1671268851
17,3,14,9,1671269391
17,3,14,9,1671269659
17,3,14,9,1671269925
17,3,14,9,1671270195
17,3,14,9,1671270465
17,3,14,9,1671270732
17,3,14,9,1671271002
17,3,14,9,1671271270
17,3,14,9,1671271540
17,3,14,9,1671272073
17,3,14,9,1671272341
17,3,14,9,1671272611
16,2,14,9,1671272875
15,3,12,11,1671273142
16,3,13,10,1671273411
17,3,14,9,1671273673
20,3,17,6,1671273941
19,3,16,7,1671274473
19,2,17,7,1671274742
19,2,17,7,1671275009
18,2,16,8,1671275278
18,2,16,8,1671275543
17,2,15,9,1671275809
16,2,14,10,1671276078
16,2,14,10,1671276346
16,2,14,10,1671276613
15,2,13,11,1671277147
14,2,12,12,1671277417
14,2,12,12,1671277682
14,2,12,12,1671277949
14,2,12,12,1671278216
13,1,12,12,1671278486
13,2,11,13,1671278751
12,1,11,14,1671279019
12,1,11,14,1671279554
12,1,11,14,1671279821
12,1,11,14,1671280090
12,1,11,14,1671280359
12,1,11,14,1671280626
12,1,11,14,1671280895
12,1,11,14,1671281162
12,1,11,14,1671281429
12,1,11,14,1671281963
12,1,11,14,1671282234
12,1,11,14,1671282502
11,1,10,15,1671282769
11,1,10,15,1671283037
9,1,8,17,1671283306
9,1,8,17,1671283575
8,1,7,18,1671283841
8,1,7,18,1671284375
8,1,7,18,1671284644
8,1,7,18,1671284909
8,1,7,18,1671285178
8,1,7,18,1671285442
8,1,7,18,1671285713
9,1,8,17,1671285979
9,1,8,17,1671286246
9,1,8,17,1671286786
9,1,8,17,1671287055
9,1,8,17,1671287322
9,1,8,17,1671287591
9,1,8,17,1671287859
9,1,8,17,1671288126
8,1,7,18,1671288398
8,1,7,18,1671288666
8,1,7,18,1671288934
8,1,7,18,1671289466
8,1,7,18,1671289737
8,1,7,18,1671290004
9,1,8,17,1671290272
9,1,8,17,1671290538
9,1,8,17,1671290804
9,1,8,17,1671291071
9,1,8,17,1671291339
8,1,7,18,1671291866
8,1,7,18,1671292134
8,1,7,18,1671292398
7,1,6,19,1671292661
7,1,6,19,1671292923
7,1,6,19,1671293185
7,1,6,19,1671293449
7,1,6,19,1671293716
8,1,7,18,1671294244
8,1,7,18,1671294507
8,1,7,18,1671294770
8,1,7,18,1671295032
8,1,7,18,1671295299
8,1,7,18,1671295562
8,1,7,18,1671295829
8,1,7,18,1671296355
8,1,7,18,1671296620
7,1,6,19,1671296884
8,1,7,18,1671297147
8,1,7,18,1671297412
8,1,7,18,1671297675
9,1,8,17,1671297939
9,1,8,17,1671298464
9,1,8,17,1671298725
10,1,9,16,1671298989
10,1,9,16,1671299257
9,1,8,17,1671299522
9,1,8,17,1671299790
7,1,6,19,1671300056
8,1,7,18,1671300320
8,1,7,18,1671300847
8,1,7,18,1671301110
8,1,7,18,1671301376
8,1,7,18,1671301641
8,1,7,18,1671301908
8,1,7,18,1671302169
6,1,5,20,1671302431
6,1,5,20,1671302950
6,1,5,20,1671303214
6,1,5,20,1671303480
7,1,6,19,1671303744
7,1,6,19,1671304008
7,1,6,19,1671304272
7,1,6,19,1671304537
8,1,7,19,1671304802
8,1,7,19,1671305362
9,1,8,18,1671305620
9,1,8,18,1671305880
9,1,8,18,1671306142
8,1,7,19,1671306404
7,1,6,20,1671306665
7,1,6,20,1671306968
7,1,6,20,1671307238
6,0,6,20,1671307772
6,1,5,21,1671308040
5,1,4,22,1671308308
5,1,4,22,1671308577
5,1,4,22,1671308844
5,1,4,22,1671309109
4,1,3,23,1671309376
3,1,2,24,1671309642
3,1,2,24,1671310178
3,1,2,24,1671310445
3,1,2,24,1671310711
2,0,2,25,1671310974
2,0,2,25,1671311241
4,0,4,23,1671311507
4,0,4,23,1671311772
4,0,4,23,1671312036
4,0,4,23,1671312570
4,0,4,23,1671312833
4,0,4,23,1671313098
4,0,4,23,1671313360
3,0,3,24,1671313624
0,0,0,27,1671313890
0,0,0,27,1671314159
0,0,0,27,1671314686
1,0,1,26,1671314951
1,0,1,26,1671315219
1,0,1,26,1671315484
1,0,1,26,1671315749
1,0,1,26,1671316012
1,0,1,26,1671316274
1,0,1,26,1671316538
1,0,1,26,1671317068
2,0,2,25,1671317335
2,0,2,25,1671317599
2,0,2,25,1671317865
2,0,2,25,1671318128
2,0,2,25,1671318390
2,0,2,25,1671318656
2,0,2,25,1671318922
3,0,3,24,1671319452
4,0,4,23,1671319719
4,0,4,23,1671319982
4,0,4,23,1671320249
4,0,4,23,1671320514
4,0,4,23,1671320783
4,0,4,23,1671321046
4,0,4,23,1671321579
4,0,4,23,1671321843
4,0,4,23,1671322112
4,0,4,23,1671322378
4,0,4,23,1671322646
4,0,4,23,1671322913
4,0,4,23,1671323180
4,0,4,23,1671323445
4,0,4,23,1671323978
4,0,4,23,1671324246
4,0,4,23,1671324515
5,0,5,22,1671324785
5,0,5,22,1671325050
2,0,2,25,1671325318
2,0,2,25,1671325583
2,0,2,25,1671325851
2,0,2,25,1671326120
2,0,2,25,1671326652
2,0,2,25,1671326920
2,0,2,25,1671327186
2,0,2,25,1671327455
2,0,2,25,1671327721
2,0,2,25,1671327984
3,0,3,24,1671328248
3,0,3,24,1671328515
3,0,3,24,1671329049
2,0,2,25,1671329310
2,0,2,25,1671329579
2,0,2,25,1671329842
2,0,2,25,1671330107
2,0,2,25,1671330373
2,0,2,25,1671330641
2,0,2,25,1671331172
2,0,2,25,1671331440
2,0,2,25,1671331702
2,0,2,25,1671331967
3,0,3,24,1671332233
3,0,3,24,1671332495
3,0,3,24,1671332762
3,0,3,24,1671333290
3,0,3,24,1671333553
3,0,3,24,1671333817
3,0,3,24,1671334079
3,0,3,24,1671334345
3,0,3,24,1671334611
3,0,3,24,1671334873
3,0,3,24,1671335139
3,0,3,24,1671335666
3,0,3,24,1671335934
3,0,3,24,1671336200
3,0,3,24,1671336471
3,0,3,24,1671336736
3,0,3,24,1671337000
3,0,3,24,1671337268
3,0,3,24,1671337537
3,0,3,24,1671338068
3,0,3,24,1671338333
3,0,3,24,1671338601
3,0,3,24,1671338871
3,0,3,24,1671339135
3,0,3,24,1671339400
3,0,3,24,1671339665
3,0,3,24,1671340196
3,0,3,24,1671340464
3,0,3,24,1671340728
3,0,3,24,1671340996
3,0,3,24,1671341262
3,0,3,24,1671341530
3,0,3,24,1671341794
3,0,3,24,1671342061
3,0,3,24,1671342330
3,0,3,24,1671342858
3,0,3,24,1671343123
3,0,3,24,1671343389
3,0,3,24,1671343658
3,0,3,24,1671343919
3,0,3,24,1671344183
3,0,3,24,1671344450
3,0,3,24,1671344715
3,0,3,24,1671345242
3,0,3,24,1671345509
3,0,3,24,1671345778
3,0,3,24,1671346045
3,0,3,24,1671346310
3,0,3,24,1671346573
3,0,3,24,1671346842
3,0,3,24,1671347375
3,0,3,24,1671347642
3,0,3,24,1671347910
3,0,3,24,1671348175
3,0,3,24,1671348441
3,0,3,24,1671348706
3,0,3,24,1671348969
3,0,3,24,1671349494
4,0,4,23,1671349759
5,0,5,22,1671350027
6,0,6,21,1671350289
7,0,7,20,1671350554
7,0,7,20,1671350820
7,0,7,20,1671351089
7,0,7,20,1671351357
7,0,7,20,1671351887
8,0,8,19,1671352153
8,0,8,19,1671352418
8,0,8,19,1671352685
7,0,7,20,1671352946
7,0,7,20,1671353213
7,0,7,20,1671353477
7,0,7,20,1671353746
7,0,7,20,1671354276
7,0,7,20,1671354540
7,0,7,20,1671354807
7,0,7,20,1671355071
6,0,6,21,1671355332
6,0,6,21,1671355594
6,0,6,21,1671355857
6,0,6,21,1671356384
6,0,6,21,1671356651
7,0,7,20,1671356913
7,0,7,20,1671357177
8,0,8,19,1671357445
8,0,8,19,1671357709
7,0,7,20,1671357975
8,0,8,19,1671358243
8,0,8,19,1671358775
8,0,8,19,1671359043
8,0,8,19,1671359307
9,0,9,18,1671359575
8,0,8,19,1671359840
8,0,8,19,1671360108
7,0,7,20,1671360371
8,0,8,19,1671360633
7,0,7,20,1671361169
8,0,8,19,1671361435
8,0,8,19,1671361704
9,1,8,18,1671361970
9,1,8,18,1671362236
11,1,10,16,1671362499
11,1,10,16,1671362768
11,1,10,16,1671363034
11,1,10,16,1671363564
11,1,10,16,1671363833
11,1,10,16,1671364101
12,1,11,15,1671364367
12,1,11,15,1671364632
13,1,12,14,1671364901
14,1,13,13,1671365167
13,0,13,14,1671365434
13,0,13,14,1671365969
13,0,13,14,1671366237
13,0,13,14,1671366506
14,0,14,13,1671366771
14,0,14,13,1671367036
14,0,14,13,1671367297
14,0,14,13,1671367562
14,0,14,13,1671368081
13,0,13,14,1671368342
13,0,13,14,1671368605
11,0,11,16,1671368868
11,0,11,16,1671369130
8,0,8,19,1671369391
8,0,8,19,1671369654
9,0,9,18,1671369915
10,0,10,17,1671370445
10,0,10,17,1671370707
9,0,9,18,1671370969
10,0,10,17,1671371231
10,0,10,17,1671371494
9,0,9,18,1671371759
9,0,9,18,1671372022
8,0,8,19,1671372547
7,0,7,20,1671372810
7,0,7,20,1671373072
7,0,7,20,1671373337
8,0,8,19,1671373599
10,0,10,17,1671373860
11,0,11,16,1671374123
10,0,10,17,1671374649
10,0,10,17,1671374914
10,0,10,17,1671375180
10,0,10,17,1671375446
10,0,10,16,1671375709
10,0,10,16,1671375976
10,0,10,16,1671376242
10,0,10,16,1671376777
10,0,10,16,1671377045
10,0,10,16,1671377314
10,0,10,16,1671377583
10,0,10,16,1671377848
11,0,11,15,1671378110
11,0,11,15,1671378374
11,0,11,15,1671378639
12,0,12,14,1671379171
12,0,12,14,1671379433
11,0,11,15,1671379698
11,0,11,15,1671379966
11,0,11,15,1671380237
11,0,11,15,1671380504
11,0,11,15,1671380769
10,0,10,16,1671381037
10,0,10,16,1671381568
9,0,9,17,1671381835
8,0,8,18,1671382102
8,0,8,18,1671382368
8,0,8,18,1671382634
8,0,8,18,1671382904
8,0,8,18,1671383173
8,0,8,18,1671383439
8,0,8,18,1671383960
8,0,8,18,1671384224
8,0,8,18,1671384487
8,0,8,18,1671384747
8,0,8,18,1671385009
8,0,8,18,1671385269
9,0,9,17,1671385531
9,0,9,17,1671386061
9,0,9,17,1671386325
10,0,10,16,1671386590
8,0,8,18,1671386852
8,0,8,18,1671387114
8,0,8,18,1671387380
7,0,7,19,1671387645
6,0,6,20,1671388172
6,0,6,20,1671388433
5,0,5,21,1671388698
5,0,5,21,1671388960
4,0,4,22,1671389222
4,0,4,22,1671389489
4,0,4,22,1671389752
4,0,4,22,1671390280
5,0,5,21,1671390544
5,0,5,21,1671390808
5,0,5,21,1671391077
1,0,1,25,1671391339
1,0,1,25,1671391606
1,0,1,25,1671391870
1,0,1,25,1671392140
1,0,1,25,1671392671
2,0,2,24,1671392936
1,0,1,25,1671393233
1,0,1,25,1671393496
1,0,1,25,1671393759
1,0,1,25,1671394021
1,0,1,25,1671394283
2,0,2,24,1671394545
3,0,3,23,1671394807
4,0,4,22,1671395378
4,0,4,22,1671395646
4,0,4,22,1671395913
4,0,4,22,1671396182
3,0,3,23,1671396448
3,0,3,23,1671396709
5,0,5,20,1671396971
5,0,5,20,1671397231
5,0,5,20,1671397764
5,0,5,20,1671398028
6,0,6,20,1671398297
7,0,7,19,1671398561
7,0,7,19,1671398826
7,0,7,19,1671399089
7,0,7,19,1671399355
7,0,7,19,1671399887
7,0,7,19,1671400151
7,0,7,19,1671400417
7,0,7,19,1671400685
7,0,7,19,1671400954
7,0,7,19,1671401224
7,0,7,19,1671401493
7,0,7,19,1671401756
8,0,8,18,1671402283
8,0,8,18,1671402546
8,0,8,18,1671402810
8,0,8,18,1671403075
8,0,8,18,1671403341
8,0,8,18,1671403605
8,0,8,18,1671403871
8,0,8,18,1671404137
8,0,8,18,1671404673
8,0,8,18,1671404941
8,0,8,18,1671405207
8,0,8,18,1671405476
8,0,8,18,1671405746
8,0,8,18,1671406015
8,0,8,18,1671406281
9,0,9,17,1671406548
9,0,9,17,1671406817
9,0,9,17,1671407350
9,0,9,17,1671407617
9,0,9,17,1671407884
9,0,9,17,1671408150
9,0,9,17,1671408419
9,0,9,17,1671408683
9,0,9,17,1671408947
9,0,9,17,1671409480
9,0,9,17,1671409743
9,0,9,17,1671410006
9,0,9,17,1671410270
9,0,9,17,1671410534
9,0,9,17,1671410798
9,0,9,17,1671411061
9,0,9,17,1671411591
9,0,9,17,1671411851
9,0,9,17,1671412118
9,0,9,17,1671412382
9,0,9,17,1671412649
9,0,9,17,1671412910
9,0,9,17,1671413172
9,0,9,17,1671413436
9,0,9,17,1671413963
9,0,9,17,1671414230
9,0,9,17,1671414494
9,0,9,17,1671414758
9,0,9,17,1671415023
9,0,9,17,1671415289
9,0,9,17,1671415557
9,0,9,17,1671416087
9,0,9,17,1671416355
9,0,9,17,1671416623
9,0,9,17,1671416889
9,0,9,17,1671417155
9,0,9,17,1671417420
9,0,9,17,1671417688
9,0,9,17,1671417956
9,0,9,17,1671418223
9,0,9,17,1671418760
9,0,9,17,1671419026
9,0,9,17,1671419293
9,0,9,17,1671419561
9,0,9,17,1671419829
9,0,9,17,1671420095
9,0,9,17,1671420365
9,0,9,17,1671420632
9,0,9,17,1671421159
9,0,9,17,1671421421
9,0,9,17,1671421686
9,0,9,17,1671421952
9,0,9,17,1671422216
9,0,9,17,1671422478
9,0,9,17,1671422743
9,0,9,17,1671423269
9,0,9,17,1671423534
9,0,9,17,1671423799
9,0,9,17,1671424061
9,0,9,17,1671424330
9,0,9,17,1671424597
9,0,9,17,1671424860
9,0,9,17,1671425397
9,0,9,17,1671425665
9,0,9,17,1671425933
9,0,9,17,1671426200
9,0,9,17,1671426468
9,0,9,17,1671426736
9,0,9,17,1671427002
9,0,9,17,1671427270
9,0,9,17,1671427532
9,0,9,17,1671428067
9,0,9,17,1671428335
9,0,9,17,1671428602
8,0,8,18,1671428871
8,0,8,18,1671429138
8,0,8,18,1671429405
8,0,8,18,1671429673
8,0,8,18,1671429935
9,0,9,17,1671430469
9,0,9,17,1671430736
9,0,9,17,1671431002
9,0,9,17,1671431269
9,0,9,17,1671431537
11,0,11,15,1671431801
13,2,11,13,1671432068
15,2,13,11,1671432598
15,2,13,11,1671432861
17,2,15,8,1671433124
21,2,19,4,1671433387
22,2,20,3,1671433647
25,2,23,1,1671433911
26,2,24,0,1671434174
26,2,24,0,1671434700
26,3,23,0,1671434964
26,3,23,0,1671435229
25,3,22,1,1671435490
25,2,23,0,1671435758
25,2,23,1,1671436025
25,2,23,1,1671436289
25,2,23,1,1671436556
25,2,23,1,1671437085
22,1,21,4,1671437351
22,1,21,4,1671437616
22,0,22,4,1671437882
21,0,21,5,1671438150
22,0,22,4,1671438416
23,0,23,3,1671438686
23,0,23,3,1671438952
25,0,25,1,1671439484
25,0,25,1,1671439751
25,0,25,1,1671440020
25,0,25,1,1671440285
25,0,25,1,1671440550
24,0,24,2,1671440815
25,0,25,1,1671441080
25,0,25,1,1671441344
25,0,25,1,1671441875
25,0,25,1,1671442138
25,0,25,1,1671442403
25,0,25,1,1671442669
25,0,25,1,1671442938
25,0,25,1,1671443206
24,0,24,2,1671443472
24,0,24,2,1671443738
25,0,25,1,1671444271
25,0,25,1,1671444537
25,0,25,1,1671444802
25,0,25,1,1671445068
25,0,25,1,1671445337
25,0,25,1,1671445602
25,0,25,1,1671445870
22,0,22,4,1671446135
22,0,22,4,1671446668
23,0,23,3,1671446931
24,0,24,2,1671447199
24,0,24,2,1671447463
25,0,25,1,1671447732
24,0,24,2,1671447998
23,0,23,3,1671448266
24,0,24,2,1671448534
23,0,23,3,1671449062
23,0,23,3,1671449324
21,0,21,5,1671449591
22,0,22,4,1671449858
21,0,21,5,1671450124
21,0,21,5,1671450388
19,0,19,7,1671450656
18,0,18,8,1671451182
18,0,18,8,1671451446
15,0,15,11,1671451711
15,0,15,11,1671451979
13,0,13,13,1671452247
13,0,13,13,1671452515
14,0,14,11,1671452783
14,0,14,12,1671453051
12,0,12,14,1671453582
13,0,13,13,1671453846
10,0,10,16,1671454112
10,0,10,16,1671454377
9,0,9,17,1671454639
4,0,4,22,1671454907
3,0,3,23,1671455168
0,0,0,26,1671455690
0,0,0,26,1671455955
1,0,1,25,1671456214
0,0,0,26,1671456475
1,1,0,25,1671456741
1,1,0,25,1671457001
1,1,0,25,1671457264
1,0,1,25,1671457789
1,0,1,25,1671458051
0,0,0,26,1671458312
2,0,2,24,1671458577
3,0,3,23,1671458840
2,0,2,24,1671459104
1,0,1,25,1671459366
0,0,0,26,1671459628
1,0,1,25,1671460151
2,0,2,24,1671460410
4,0,4,22,1671460673
3,0,3,23,1671460932
4,1,3,22,1671461199
3,0,3,23,1671461459
4,0,4,22,1671461988
3,0,3,23,1671462255
5,0,5,21,1671462520
5,0,5,21,1671462787
3,0,3,24,1671463055
2,0,2,25,1671463321
5,0,5,22,1671463590
6,0,6,21,1671463855
6,0,6,21,1671464389
6,0,6,21,1671464652
4,0,4,23,1671464914
3,0,3,24,1671465180
3,0,3,24,1671465442
2,0,2,25,1671465708
1,0,1,26,1671465974
2,0,2,25,1671466241
2,0,2,25,1671466770
2,0,2,25,1671467033
1,0,1,26,1671467299
0,0,0,27,1671467563
0,0,0,27,1671467830
0,0,0,27,1671468096
3,0,3,24,1671468363
1,0,1,26,1671468631
1,0,1,26,1671469162
1,0,1,26,1671469431
0,0,0,27,1671469697
0,0,0,27,1671469966
0,0,0,27,1671470228
1,0,1,26,1671470491
1,0,1,26,1671470755
0,0,0,27,1671471277
2,0,2,25,1671471545
2,1,1,25,1671471809
1,0,1,25,1671472072
1,1,0,26,1671472336
0,0,0,26,1671472603
0,0,0,27,1671472870
0,0,0,27,1671473131
0,0,0,27,1671473656
0,0,0,27,1671473922
0,0,0,27,1671474186
1,0,1,26,1671474452
0,0,0,27,1671474717
0,0,0,27,1671474984
0,0,0,27,1671475246
0,0,0,27,1671475778
1,0,1,26,1671476046
0,0,0,27,1671476311
1,0,1,26,1671476579
0,0,0,27,1671476844
0,0,0,27,1671477109
0,0,0,27,1671477374
0,0,0,27,1671477640
0,0,0,27,1671478171
0,0,0,27,1671478439
0,0,0,27,1671478705
0,0,0,27,1671478973
0,0,0,27,1671479239
0,0,0,27,1671479505
0,0,0,27,1671479772
0,0,0,27,1671480038
0,0,0,27,1671480568
0,0,0,27,1671480833
0,0,0,27,1671481097
0,0,0,27,1671481362
0,0,0,27,1671481660
0,0,0,27,1671481922
0,0,0,27,1671482182
0,0,0,27,1671482441
0,0,0,27,1671482964
0,0,0,27,1671483223
1,0,1,26,1671483529
0,0,0,26,1671483795
0,0,0,26,1671484059
0,0,0,26,1671484327
0,0,0,26,1671484595
0,0,0,26,1671484861
0,0,0,26,1671485128
1,0,1,26,1671485657
1,0,1,26,1671485922
0,0,0,27,1671486187
0,0,0,26,1671486449
0,0,0,26,1671486711
0,0,0,26,1671486972
1,0,1,26,1671487234
1,0,1,26,1671487763
1,0,1,26,1671488025
1,0,1,26,1671488289
2,0,2,25,1671488552
2,0,2,25,1671488815
2,0,2,25,1671489081
2,0,2,25,1671489345
2,0,2,25,1671489878
2,0,2,25,1671490139
2,0,2,25,1671490397
1,0,1,26,1671490661
1,0,1,26,1671490925
1,0,1,26,1671491186
2,0,2,25,1671491450
1,0,1,26,1671491982
1,0,1,26,1671492246
1,0,1,26,1671492511
1,0,1,26,1671492776
1,0,1,26,1671493042
1,0,1,26,1671493305
1,0,1,26,1671493569
1,0,1,26,1671493833
1,0,1,26,1671494368
1,0,1,26,1671494634
1,0,1,26,1671494902
1,0,1,26,1671495171
1,0,1,26,1671495440
1,0,1,26,1671495708
1,0,1,26,1671495975
2,0,2,26,1671496240
2,0,2,26,1671496774
2,0,2,26,1671497038
2,0,2,26,1671497306
2,0,2,26,1671497566
2,0,2,26,1671497833
2,0,2,26,1671498097
2,0,2,26,1671498365
2,0,2,26,1671498630
2,0,2,26,1671499166
2,0,2,26,1671499429
2,0,2,26,1671499693
2,0,2,26,1671499953
2,0,2,26,1671500214
2,0,2,26,1671500477
2,0,2,26,1671500742
2,0,2,26,1671501264
2,0,2,26,1671501528
2,0,2,26,1671501788
2,0,2,26,1671502049
2,0,2,26,1671502310
2,0,2,26,1671502574
2,0,2,26,1671502840
2,0,2,26,1671503367
2,0,2,26,1671503629
2,0,2,26,1671503897
2,0,2,26,1671504164
2,0,2,26,1671504431
2,0,2,26,1671504695
2,0,2,26,1671504960
2,0,2,26,1671505494
2,0,2,26,1671505761
2,0,2,26,1671506028
2,0,2,26,1671506296
2,0,2,26,1671506563
2,0,2,26,1671506828
2,0,2,26,1671507095
2,0,2,26,1671507361
2,0,2,26,1671507627
2,0,2,26,1671508160
2,0,2,26,1671508425
2,0,2,26,1671508692
2,0,2,26,1671508957
2,0,2,26,1671509229
2,0,2,26,1671509495
2,0,2,26,1671509762
2,0,2,26,1671510025
2,0,2,26,1671510556
2,0,2,26,1671510821
2,0,2,26,1671511089
3,0,3,25,1671511354
3,0,3,25,1671511616
3,0,3,25,1671511883
3,0,3,25,1671512146
3,0,3,25,1671512679
3,0,3,25,1671512948
3,0,3,25,1671513215
3,0,3,25,1671513478
3,0,3,25,1671513743
3,0,3,25,1671514008
3,0,3,25,1671514277
3,0,3,25,1671514540
3,0,3,25,1671515076
3,0,3,25,1671515341
3,0,3,25,1671515608
3,0,3,25,1671515870
3,0,3,25,1671516136
3,0,3,25,1671516401
3,0,3,25,1671516666
3,0,3,25,1671517195
3,0,3,25,1671517463
3,0,3,25,1671517727
3,0,3,25,1671517991
4,1,3,24,1671518255
6,1,5,22,1671518522
8,2,6,20,1671518787
12,2,10,16,1671519054
14,2,12,13,1671519319
23,4,19,4,1671519854
26,4,22,1,1671520120
27,4,23,0,1671520389
28,4,24,0,1671520658
28,4,24,0,1671520926
28,4,24,0,1671521194
28,3,25,0,1671521461
28,3,25,0,1671521724
28,3,25,0,1671522254
27,3,24,1,1671522523
26,3,23,2,1671522792
19,3,16,9,1671523058
14,2,12,14,1671523325
13,1,12,15,1671523592
12,0,12,16,1671523853
13,0,13,15,1671524383
14,0,14,14,1671524648
15,1,14,13,1671524911
15,1,14,13,1671525174
17,2,15,11,1671525440
17,2,15,11,1671525705
18,2,16,10,1671525972
17,1,16,11,1671526237
19,1,18,9,1671526771
20,1,19,8,1671527040
22,1,21,6,1671527302
24,1,23,4,1671527567
26,1,25,2,1671527831
27,1,26,1,1671528096
26,1,25,2,1671528361
26,1,25,2,1671528889
26,1,25,2,1671529149
28,1,27,0,1671529412
27,1,26,1,1671529675
27,1,26,1,1671529937
27,1,26,1,1671530200
27,1,26,1,1671530463
28,1,27,0,1671530991
28,1,27,0,1671531255
28,1,27,0,1671531517
28,1,27,0,1671531779
28,1,27,0,1671532039
28,1,27,0,1671532306
28,1,27,0,1671532569
28,1,27,0,1671532834
25,0,25,3,1671533367
26,0,26,2,1671533633
26,0,26,2,1671533901
24,0,24,4,1671534170
22,0,22,6,1671534434
18,0,18,10,1671534695
18,1,17,10,1671534959
18,1,17,10,1671535227
19,1,18,9,1671535759
18,0,18,9,1671536024
17,1,16,11,1671536290
18,1,17,10,1671536556
17,0,17,11,1671536823
16,0,16,12,1671537087
14,0,14,14,1671537353
13,0,13,15,1671537882
10,0,10,18,1671538148
8,0,8,20,1671538417
8,0,8,20,1671538680
6,0,6,22,1671538949
6,0,6,22,1671539213
5,0,5,23,1671539480
5,0,5,23,1671539749
4,0,4,24,1671540287
3,0,3,25,1671540550
1,0,1,27,1671540817
5,0,5,23,1671541079
0,0,0,28,1671541346
0,0,0,28,1671541614
0,0,0,28,1671541881
0,0,0,28,1671542149
1,0,1,27,1671542684
0,0,0,28,1671542951
0,0,0,28,1671543220
0,0,0,28,1671543486
1,0,1,27,1671543752
1,0,1,27,1671544019
2,0,2,26,1671544285
3,0,3,25,1671544552
3,0,3,25,1671545083
4,0,4,24,1671545351
4,0,4,24,1671545618
2,0,2,26,1671545887
2,0,2,26,1671546153
0,0,0,28,1671546420
1,0,1,27,1671546687
2,0,2,26,1671546952
3,0,3,25,1671547482
4,0,4,24,1671547751
7,0,7,21,1671548019
7,0,7,21,1671548286
5,0,5,23,1671548554
2,0,2,26,1671548820
3,0,3,25,1671549088
3,0,3,25,1671549357
3,0,3,25,1671549620
4,0,4,24,1671550153
5,0,5,23,1671550418
5,0,5,23,1671550683
6,0,6,22,1671550952
4,0,4,24,1671551217
5,0,5,23,1671551487
8,1,7,20,1671551754
8,1,7,20,1671552288
3,0,3,24,1671552550
1,0,1,27,1671552816
3,0,3,25,1671553080
4,0,4,24,1671553343
5,0,5,23,1671553611
4,0,4,24,1671553874
5,0,5,23,1671554139
3,0,3,25,1671554670
0,0,0,28,1671554934
0,0,0,28,1671555201
0,0,0,28,1671555467
1,0,1,27,1671555733
0,0,0,28,1671555998
0,0,0,28,1671556261
0,0,0,28,1671556528
1,1,0,27,1671557061
1,1,0,27,1671557332
0,0,0,28,1671557599
0,0,0,28,1671557861
0,0,0,28,1671558127
0,0,0,28,1671558393
0,0,0,28,1671558657
0,0,0,28,1671558920
0,0,0,28,1671559449
0,0,0,28,1671559718
0,0,0,28,1671559984
0,0,0,28,1671560244
0,0,0,28,1671560508
0,0,0,28,1671560773
0,0,0,28,1671561041
1,0,1,27,1671561574
0,0,0,28,1671561842
1,0,1,27,1671562109
1,0,1,27,1671562376
0,0,0,28,1671562641
0,0,0,28,1671562907
0,0,0,28,1671563174
0,0,0,28,1671563442
0,0,0,28,1671563974
0,0,0,28,1671564241
0,0,0,28,1671564509
0,0,0,28,1671564775
0,0,0,28,1671565040
0,0,0,28,1671565304
0,0,0,28,1671565565
1,0,1,27,1671565833
1,0,1,27,1671566367
1,0,1,27,1671566632
1,0,1,27,1671566898
1,0,1,27,1671567161
2,0,2,26,1671567429
1,0,1,27,1671567694
0,0,0,28,1671567963
0,0,0,28,1671568487
0,0,0,28,1671568747
0,0,0,28,1671569006
0,0,0,28,1671569269
0,0,0,28,1671569530
0,0,0,28,1671569840
0,0,0,28,1671570102
0,0,0,28,1671570364
0,0,0,28,1671570626
0,0,0,28,1671571148
0,0,0,28,1671571407
0,0,0,28,1671571702
1,0,1,27,1671571971
1,0,1,27,1671572239
1,0,1,27,1671572508
1,0,1,27,1671572774
1,0,1,27,1671573040
1,0,1,27,1671573573
1,0,1,27,1671573840
1,0,1,27,1671574106
1,0,1,27,1671574375
1,0,1,27,1671574645
1,0,1,27,1671574913
1,0,1,27,1671575180
1,0,1,27,1671575444
1,0,1,27,1671575976
1,0,1,27,1671576242
1,0,1,27,1671576509
1,0,1,27,1671576775
1,0,1,27,1671577041
1,0,1,27,1671577307
1,0,1,27,1671577575
1,0,1,27,1671577839
1,0,1,27,1671578373
0,0,0,28,1671578642
0,0,0,28,1671578903
0,0,0,28,1671579168
0,0,0,28,1671579436
0,0,0,28,1671579704
0,0,0,28,1671579972
0,0,0,28,1671580239
0,0,0,28,1671580776
0,0,0,28,1671581044
0,0,0,28,1671581310
0,0,0,28,1671581578
1,0,1,27,1671581844
1,0,1,27,1671582112
1,0,1,27,1671582377
1,0,1,27,1671582644
1,0,1,27,1671583180
1,0,1,27,1671583446
1,0,1,27,1671583712
1,0,1,27,1671583980
1,0,1,27,1671584248
1,0,1,27,1671584515
1,0,1,27,1671584782
1,0,1,27,1671585049
1,0,1,27,1671585582
1,0,1,27,1671585847
1,0,1,27,1671586112
1,0,1,27,1671586380
1,0,1,27,1671586648
1,0,1,27,1671586915
1,0,1,27,1671587184
1,0,1,27,1671587450
1,0,1,27,1671587987
1,0,1,27,1671588254
1,0,1,27,1671588523
1,0,1,27,1671588791
2,0,2,26,1671589057
2,0,2,26,1671589326
2,0,2,26,1671589590
2,0,2,26,1671589855
2,0,2,26,1671590386
2,0,2,26,1671590653
2,0,2,26,1671590920
2,0,2,26,1671591188
2,0,2,26,1671591456
2,0,2,26,1671591725
2,0,2,26,1671591988
2,0,2,26,1671592256
2,0,2,26,1671592525
2,0,2,26,1671593059
2,0,2,26,1671593325
2,0,2,26,1671593594
2,0,2,26,1671593862
2,0,2,26,1671594126
2,0,2,26,1671594392
2,0,2,26,1671594659
2,0,2,26,1671594924
2,0,2,26,1671595456
2,0,2,26,1671595723
2,0,2,26,1671595990
2,0,2,26,1671596259
2,0,2,26,1671596527
2,0,2,26,1671596790
2,0,2,26,1671597057
2,0,2,26,1671597595
2,0,2,26,1671597863
2,0,2,26,1671598129
2,0,2,26,1671598395
2,0,2,26,1671598663
2,0,2,26,1671598927
2,0,2,26,1671599193
2,0,2,26,1671599460
2,0,2,26,1671599997
2,0,2,26,1671600265
2,0,2,26,1671600530
2,0,2,26,1671600800
2,0,2,26,1671601067
2,0,2,26,1671601336
2,0,2,26,1671601604
2,0,2,26,1671601870
2,0,2,26,1671602142
2,0,2,26,1671602676
2,0,2,26,1671602941
2,0,2,26,1671603209
2,0,2,26,1671603477
2,0,2,26,1671603743
2,0,2,26,1671604010
2,0,2,26,1671604278
2,0,2,26,1671604545
4,0,4,24,1671605078
7,0,7,21,1671605344
9,0,9,19,1671605611
15,0,15,13,1671605877
20,0,20,8,1671606143
26,0,26,2,1671606411
26,0,26,2,1671606679
26,0,26,2,1671606941
28,1,27,0,1671607467
28,1,27,0,1671607733
28,1,27,0,1671608001
28,1,27,0,1671608269
28,1,27,0,1671608535
28,1,27,0,1671608803
28,1,27,0,1671609071
28,0,28,0,1671609339
28,0,28,0,1671609870
28,0,28,0,1671610139
28,0,28,0,1671610404
28,0,28,0,1671610669
28,0,28,0,1671610935
28,0,28,0,1671611203
25,0,25,3,1671611471
26,0,26,2,1671611739
28,1,27,0,1671612271
28,1,27,0,1671612539
28,1,27,0,1671612805
28,1,27,0,1671613071
28,1,27,0,1671613341
28,1,27,0,1671613604
26,0,26,2,1671613872
28,0,28,0,1671614135
28,0,28,0,1671614670
28,0,28,0,1671614931
28,0,28,0,1671615199
27,0,27,1,1671615467
26,0,26,2,1671615736
27,0,27,1,1671616001
26,0,26,2,1671616269
27,0,27,1,1671616535
27,0,27,1,1671617067
27,0,27,1,1671617334
28,0,28,0,1671617602
28,0,28,0,1671617869
28,0,28,0,1671618138
28,0,28,0,1671618404
28,0,28,0,1671618668
28,0,28,0,1671619198
27,0,27,1,1671619463
26,0,26,2,1671619731
26,0,26,2,1671619998
27,0,27,1,1671620266
27,0,27,1,1671620531
27,0,27,1,1671620798
24,0,24,4,1671621065
22,0,22,6,1671621595
22,0,22,6,1671621863
23,0,23,5,1671622127
23,0,23,5,1671622393
24,0,24,4,1671622656
24,0,24,4,1671622920
25,0,25,3,1671623186
24,0,24,4,1671623455
24,0,24,4,1671623723
23,0,23,5,1671624255
20,0,20,8,1671624523
19,0,19,9,1671624790
19,0,19,9,1671625058
20,0,20,8,1671625324
20,0,20,8,1671625592
18,0,18,10,1671625857
14,0,14,14,1671626384
11,0,11,17,1671626646
8,0,8,20,1671626909
8,0,8,20,1671627175
9,0,9,19,1671627443
10,0,10,18,1671627708
8,0,8,20,1671627972
8,0,8,20,1671628240
8,0,8,20,1671628773
10,0,10,18,1671629037
6,0,6,22,1671629302
7,0,7,21,1671629570
7,0,7,21,1671629833
4,0,4,24,1671630099
5,0,5,23,1671630364
3,0,3,25,1671630899
2,0,2,26,1671631167
3,0,3,25,1671631436
2,0,2,26,1671631699
2,0,2,26,1671631968
3,0,3,25,1671632233
4,0,4,24,1671632498
4,0,4,24,1671632762
4,0,4,24,1671633031
5,0,5,23,1671633566
6,0,6,22,1671633833
4,0,4,24,1671634101
7,1,6,21,1671634367
8,1,7,20,1671634636
7,1,6,21,1671634902
5,0,5,23,1671635172
5,0,5,23,1671635699
5,0,5,23,1671635966
4,0,4,24,1671636233
5,0,5,23,1671636502
3,0,3,25,1671636770
4,0,4,24,1671637038
5,0,5,23,1671637303
5,0,5,23,1671637568
5,0,5,23,1671637835
7,1,6,21,1671638367
7,1,6,21,1671638635
6,1,5,22,1671638903
4,0,4,24,1671639169
4,0,4,24,1671639433
2,0,2,26,1671639697
2,0,2,26,1671639962
3,0,3,25,1671640496
2,0,2,26,1671640761
0,0,0,28,1671641028
0,0,0,28,1671641294
1,0,1,27,1671641563
1,0,1,27,1671641826
2,0,2,26,1671642094
1,0,1,27,1671642362
0,0,0,28,1671642893
0,0,0,28,1671643159
0,0,0,28,1671643425
0,0,0,28,1671643696
0,0,0,28,1671643964
1,0,1,27,1671644232
2,0,2,26,1671644498
2,0,2,26,1671644763
1,0,1,27,1671645295
0,0,0,28,1671645563
0,0,0,28,1671645827
0,0,0,28,1671646094
1,0,1,26,1671646363
0,0,0,27,1671646629
1,1,0,26,1671646894
0,0,0,26,1671647159
0,0,0,27,1671647695
0,0,0,27,1671647959
0,0,0,27,1671648226
0,0,0,27,1671648492
0,0,0,27,1671648759
1,0,1,26,1671649028
0,0,0,27,1671649294
0,0,0,27,1671649558
0,0,0,27,1671650094
0,0,0,27,1671650362
0,0,0,27,1671650630
0,0,0,27,1671650892
0,0,0,27,1671651160
0,0,0,27,1671651427
0,0,0,27,1671651694
0,0,0,27,1671651957
0,0,0,27,1671652224
0,0,0,27,1671652757
0,0,0,27,1671653022
0,0,0,27,1671653286
0,0,0,27,1671653554
0,0,0,27,1671653818
0,0,0,27,1671654085
0,0,0,27,1671654352
0,0,0,27,1671654884
0,0,0,27,1671655148
0,0,0,27,1671655414
0,0,0,27,1671655681
1,0,1,26,1671655949
1,0,1,26,1671656217
1,0,1,26,1671656483
1,0,1,26,1671656748
0,0,0,27,1671657278
1,0,1,26,1671657546
3,0,3,24,1671657813
3,0,3,24,1671657813
3,0,3,24,1671658413
2,0,2,25,1671658673
3,0,3,24,1671658934
3,0,3,24,1671659193
1,0,1,26,1671659453
1,0,1,26,1671659713
1,0,1,26,1671660282
1,0,1,26,1671660547
1,0,1,26,1671660814
1,0,1,26,1671661080
0,0,0,27,1671661345
0,0,0,27,1671661607
1,0,1,26,1671661869
1,0,1,26,1671662388
1,0,1,26,1671662646
1,0,1,26,1671662908
1,0,1,26,1671663172
1,0,1,26,1671663431
1,0,1,26,1671663692
1,0,1,26,1671663958
2,1,1,25,1671664486
2,1,1,25,1671664756
2,1,1,25,1671665021
1,0,1,25,1671665283
1,1,0,26,1671665551
1,1,0,26,1671665819
1,1,0,26,1671666083
1,1,0,26,1671666348
1,1,0,26,1671666877
1,1,0,26,1671667142
1,1,0,26,1671667410
1,1,0,26,1671667677
1,1,0,26,1671667944
1,1,0,26,1671668212
1,1,0,26,1671668481
2,1,1,25,1671668747
2,1,1,25,1671669277
3,1,2,24,1671669540
3,1,2,24,1671669803
3,1,2,24,1671670069
2,0,2,25,1671670332
2,0,2,25,1671670593
2,0,2,25,1671670851
2,0,2,25,1671671371
2,0,2,25,1671671633
1,0,1,26,1671671896
1,0,1,26,1671672157
1,0,1,26,1671672421
1,0,1,26,1671672680
1,0,1,26,1671672950
1,0,1,26,1671673471
1,0,1,26,1671673739
1,0,1,26,1671674000
1,0,1,26,1671674268
1,0,1,26,1671674533
1,0,1,26,1671674801
1,0,1,26,1671675068
1,0,1,26,1671675335
1,0,1,26,1671675870
1,0,1,26,1671676139
1,0,1,26,1671676405
1,0,1,26,1671676674
1,0,1,26,1671676940
1,0,1,26,1671677207
1,0,1,26,1671677473
1,0,1,26,1671677735
2,0,2,25,1671678267
2,0,2,25,1671678528
2,0,2,25,1671678793
2,0,2,25,1671679054
2,0,2,25,1671679317
2,0,2,25,1671679576
2,0,2,25,1671679838
2,0,2,25,1671680358
2,0,2,25,1671680620
2,0,2,25,1671680884
2,0,2,25,1671681147
2,0,2,25,1671681414
2,0,2,25,1671681679
2,0,2,25,1671681942
2,0,2,25,1671682467
2,0,2,25,1671682732
2,0,2,25,1671682998
2,0,2,25,1671683262
2,0,2,25,1671683530
0,0,0,27,1671683794
0,0,0,27,1671684062
0,0,0,27,1671684329
0,0,0,27,1671684864
0,0,0,27,1671685131
0,0,0,27,1671685400
0,0,0,27,1671685666
0,0,0,27,1671685932
0,0,0,27,1671686195
0,0,0,27,1671686457
0,0,0,27,1671686723
0,0,0,27,1671687257
0,0,0,27,1671687524
0,0,0,27,1671687789
0,0,0,27,1671688054
0,0,0,27,1671688315
0,0,0,27,1671688581
0,0,0,27,1671688843
0,0,0,27,1671689369
0,0,0,27,1671689635
0,0,0,27,1671689899
0,0,0,27,1671690161
0,0,0,27,1671690424
1,0,1,26,1671690683
1,0,1,26,1671690950
2,0,2,25,1671691480
4,0,4,23,1671691749
6,0,6,21,1671692015
9,1,8,18,1671692281
12,1,11,15,1671692548
15,1,14,12,1671692813
19,1,18,8,1671693078
19,1,18,8,1671693343
20,1,19,7,1671693873
19,1,18,8,1671694135
21,1,20,6,1671694395
21,1,20,6,1671694659
23,1,22,4,1671694920
23,1,22,4,1671695186
24,2,22,3,1671695446
24,2,22,3,1671695972
24,2,22,3,1671696232
22,1,21,5,1671696495
17,0,17,10,1671696764
8,0,8,19,1671697027
10,0,10,17,1671697290
9,0,9,18,1671697556
10,0,10,17,1671697824
9,0,9,18,1671698355
9,0,9,18,1671698622
11,0,11,16,1671698887
13,0,13,14,1671699154
13,0,13,14,1671699420
15,0,15,12,1671699688
17,0,17,10,1671699956
18,0,18,9,1671700232
20,0,20,7,1671700762
23,0,23,4,1671701029
23,0,23,4,1671701290
23,0,23,4,1671701556
24,0,24,3,1671701824
23,0,23,4,1671702088
25,0,25,2,1671702353
27,0,27,0,1671702879
27,0,27,0,1671703146
27,0,27,0,1671703413
27,0,27,0,1671703681
27,0,27,0,1671703945
27,0,27,0,1671704213
27,0,27,0,1671704478
26,0,26,1,1671704741
26,0,26,1,1671705269
25,0,25,2,1671705531
24,0,24,3,1671705793
23,0,23,4,1671706057
23,0,23,4,1671706314
25,0,25,2,1671706581
25,0,25,2,1671706845
23,0,23,4,1671707369
24,0,24,3,1671707631
24,0,24,3,1671707896
25,0,25,2,1671708159
25,0,25,2,1671708426
25,1,24,2,1671708692
25,1,24,2,1671708958
24,1,23,3,1671709491
24,1,23,3,1671709758
24,1,23,3,1671710020
23,1,22,4,1671710288
23,1,22,4,1671710550
23,1,22,4,1671710815
23,1,22,4,1671711084
18,1,17,9,1671711352
17,1,16,10,1671711884
17,1,16,10,1671712147
12,0,12,15,1671712413
13,0,13,14,1671712676
12,0,12,15,1671712939
11,0,11,16,1671713202
12,0,12,15,1671713470
8,0,8,19,1671714002
5,0,5,22,1671714271
4,0,4,23,1671714537
4,0,4,23,1671714804
2,0,2,25,1671715072
2,0,2,25,1671715339
2,0,2,25,1671715606
2,0,2,25,1671715869
3,0,3,23,1671716402
3,0,3,23,1671716667
3,0,3,23,1671716936
6,0,6,20,1671717202
6,0,6,20,1671717469
7,0,7,20,1671717734
6,0,6,21,1671718001
4,0,4,23,1671718269
3,0,3,24,1671718537
4,0,4,23,1671719071
4,0,4,23,1671719339
4,0,4,23,1671719606
4,0,4,23,1671719872
3,0,3,24,1671720137
2,0,2,25,1671720399
3,0,3,24,1671720662
4,0,4,23,1671721190
6,0,6,21,1671721452
5,0,5,22,1671721716
4,0,4,23,1671721981
3,0,3,24,1671722248
3,0,3,24,1671722513
3,0,3,24,1671722780
3,0,3,24,1671723047
3,0,3,24,1671723576
4,0,4,23,1671723844
3,0,3,24,1671724110
3,0,3,24,1671724374
3,0,3,24,1671724641
3,0,3,24,1671724910
3,0,3,24,1671725184
2,0,2,25,1671725452
2,0,2,25,1671725987
0,0,0,27,1671726248
0,0,0,27,1671726515
0,0,0,27,1671726780
1,0,1,26,1671727046
3,0,3,24,1671727314
4,0,4,23,1671727582
3,0,3,24,1671727847
3,0,3,24,1671728378
3,1,2,24,1671728644
2,0,2,25,1671728909
1,0,1,26,1671729174
1,0,1,26,1671729441
0,0,0,27,1671729705
0,0,0,27,1671729968
0,0,0,27,1671730500
0,0,0,27,1671730766
0,0,0,27,1671731032
0,0,0,27,1671731295
0,0,0,27,1671731557
1,0,1,26,1671731822
3,0,3,24,1671732085
2,0,2,25,1671732351
0,0,0,27,1671732880
0,0,0,27,1671733146
0,0,0,27,1671733409
0,0,0,27,1671733676
0,0,0,27,1671733938
0,0,0,27,1671734203
0,0,0,27,1671734470
1,0,1,26,1671734735
1,0,1,26,1671735265
0,0,0,27,1671735526
0,0,0,27,1671735792
0,0,0,27,1671736057
0,0,0,27,1671736321
0,0,0,27,1671736581
1,0,1,26,1671736846
0,0,0,27,1671737377
2,1,1,25,1671737637
3,1,2,24,1671737900
2,0,2,25,1671738158
0,0,0,27,1671738419
0,0,0,27,1671738681
1,0,1,26,1671739203
1,0,1,26,1671739465
0,0,0,27,1671739725
2,0,2,25,1671739986
1,0,1,26,1671740248
0,0,0,27,1671740509
0,0,0,27,1671740772
0,0,0,27,1671741295
0,0,0,27,1671741555
1,0,1,26,1671741818
2,0,2,25,1671742079
3,0,3,24,1671742343
1,0,1,26,1671742604
0,0,0,27,1671742861
0,0,0,27,1671743386
0,0,0,27,1671743647
0,0,0,27,1671743910
0,0,0,27,1671744170
1,1,0,26,1671744432
1,1,0,26,1671744694
2,1,1,25,1671744959
1,0,1,25,1671745486
0,0,0,27,1671745753
0,0,0,27,1671746021
0,0,0,27,1671746288
0,0,0,27,1671746588
0,0,0,27,1671746848
0,0,0,27,1671747109
1,0,1,26,1671747367
0,0,0,27,1671747886
0,0,0,27,1671748148
0,0,0,27,1671748451
1,0,1,26,1671748720
1,0,1,26,1671748988
2,0,2,25,1671749256
2,0,2,25,1671749523
1,0,1,26,1671749788
1,0,1,26,1671750055
1,0,1,26,1671750322
1,0,1,26,1671750855
1,0,1,26,1671751124
1,0,1,26,1671751389
1,0,1,26,1671751653
0,0,0,27,1671751917
0,0,0,27,1671752186
0,0,0,27,1671752454
2,0,2,25,1671752980
2,0,2,25,1671753245
2,0,2,25,1671753511
3,0,3,24,1671753778
3,0,3,24,1671754047
3,0,3,24,1671754316
4,1,3,23,1671754581
4,1,3,23,1671754848
4,1,3,23,1671755382
4,1,3,23,1671755651
4,1,3,23,1671755917
4,1,3,23,1671756183
4,1,3,23,1671756450
4,1,3,23,1671756716
4,1,3,23,1671756980
4,1,3,23,1671757248
4,1,3,23,1671757782
4,1,3,23,1671758047
4,1,3,23,1671758315
4,1,3,23,1671758582
4,1,3,23,1671758848
4,1,3,23,1671759115
4,1,3,23,1671759384
4,1,3,23,1671759654
4,1,3,23,1671760179
4,1,3,23,1671760445
3,1,2,24,1671760712
3,1,2,24,1671760979
3,1,2,24,1671761246
3,1,2,24,1671761513
4,1,3,23,1671761780
4,1,3,23,1671762047
4,1,3,23,1671762579
4,1,3,23,1671762847
4,1,3,23,1671763113
4,1,3,23,1671763383
4,1,3,23,1671763646
4,1,3,23,1671763912
4,1,3,23,1671764179
4,1,3,23,1671764447
4,1,3,23,1671764715
4,1,3,23,1671765249
4,1,3,23,1671765516
3,1,2,24,1671765784
3,1,2,24,1671766050
3,1,2,24,1671766313
3,1,2,24,1671766580
3,1,2,24,1671766848
3,1,2,24,1671767114
3,1,2,24,1671767643
3,1,2,24,1671767912
3,1,2,24,1671768179
2,0,2,24,1671768444
1,1,0,26,1671768710
1,1,0,26,1671768976
0,0,0,26,1671769246
0,0,0,27,1671769509
0,0,0,27,1671770042
2,1,1,25,1671770311
1,0,1,25,1671770574
0,0,0,27,1671770838
0,0,0,27,1671771106
0,0,0,27,1671771372
0,0,0,27,1671771635
0,0,0,27,1671772170
0,0,0,27,1671772437
0,0,0,27,1671772703
0,0,0,27,1671772968
0,0,0,27,1671773231
0,0,0,27,1671773498
0,0,0,27,1671773765
0,0,0,27,1671774302
0,0,0,27,1671774566
0,0,0,27,1671774834
0,0,0,27,1671775102
0,0,0,27,1671775366
0,0,0,27,1671775636
0,0,0,27,1671775899
0,0,0,27,1671776167
0,0,0,27,1671776433
0,0,0,27,1671776967
0,0,0,27,1671777237
0,0,0,27,1671777501
0,0,0,27,1671777767
1,0,1,26,1671778036
2,0,2,25,1671778304
5,1,4,22,1671778573
5,1,4,22,1671778842
5,1,4,22,1671779373
5,1,4,22,1671779638
4,1,3,23,1671779906
5,1,4,22,1671780171
5,1,4,22,1671780439
5,1,4,22,1671780706
6,2,4,21,1671780974
5,2,3,22,1671781238
5,2,3,22,1671781773
5,2,3,22,1671782037
5,2,3,22,1671782304
5,2,3,22,1671782569
6,2,4,21,1671782835
8,2,6,19,1671783099
9,2,7,18,1671783368
9,2,7,18,1671783633
8,2,6,19,1671784166
8,2,6,19,1671784431
8,2,6,19,1671784700
8,2,6,19,1671784965
10,3,7,17,1671785233
11,3,8,16,1671785501
14,3,11,13,1671785761
14,3,11,13,1671786028
15,3,12,12,1671786561
15,3,12,12,1671786825
16,3,13,11,1671787089
16,3,13,11,1671787352
18,3,15,9,1671787612
18,3,15,9,1671787880
17,3,14,10,1671788148
16,3,13,11,1671788677
17,3,14,10,1671788941
18,4,14,9,1671789208
19,4,15,8,1671789476
19,4,15,8,1671789743
19,4,15,8,1671790011
19,4,15,8,1671790279
19,4,15,8,1671790548
19,4,15,8,1671790815
19,4,15,8,1671791345
19,4,15,8,1671791613
18,4,14,9,1671791879
17,4,13,10,1671792146
17,4,13,10,1671792409
18,4,14,9,1671792674
18,4,14,9,1671792943
18,4,14,9,1671793210
19,4,15,8,1671793748
19,4,15,8,1671794010
19,4,15,8,1671794278
20,4,16,7,1671794543
20,4,16,7,1671794810
21,4,17,6,1671795078
18,4,14,9,1671795346
16,4,12,11,1671795612
16,4,12,11,1671796148
16,4,12,11,1671796414
16,4,12,11,1671796680
16,4,12,11,1671796947
16,4,12,11,1671797210
16,4,12,11,1671797479
14,4,10,13,1671797744
13,3,10,14,1671798008
13,3,10,14,1671798546
13,3,10,14,1671798812
13,3,10,14,1671799079
12,3,9,15,1671799347
12,3,9,15,1671799612
10,3,7,17,1671799876
8,2,6,18,1671800140
7,2,5,20,1671800676
5,1,4,21,1671800943
7,2,5,20,1671801210
8,2,6,19,1671801475
7,1,6,19,1671801741
6,2,4,21,1671802008
6,2,4,21,1671802276
5,2,3,22,1671802542
4,1,3,23,1671803076
3,1,2,24,1671803343
3,1,2,24,1671803607
3,1,2,24,1671803874
3,1,2,24,1671804143
2,1,1,25,1671804411
2,1,1,25,1671804679
2,1,1,25,1671804946
3,1,2,24,1671805208
2,1,1,25,1671805745
3,1,2,24,1671806011
3,1,2,24,1671806279
3,1,2,24,1671806547
3,1,2,24,1671806813
4,1,3,23,1671807080
4,1,3,23,1671807347
4,1,3,23,1671807616
3,0,3,23,1671808150
4,0,4,22,1671808417
4,0,4,22,1671808685
4,0,4,22,1671808951
3,0,3,23,1671809216
4,0,4,22,1671809483
9,0,9,17,1671809751
8,0,8,18,1671810287
8,0,8,18,1671810555
7,0,7,18,1671810822
8,0,8,17,1671811089
10,0,10,15,1671811357
10,0,10,15,1671811625
10,0,10,15,1671811893
13,0,13,13,1671812158
12,0,12,14,1671812684
12,0,12,14,1671812948
12,0,12,14,1671813214
12,0,12,14,1671813482
11,0,11,15,1671813747
11,0,11,15,1671814010
10,0,10,16,1671814280
10,0,10,16,1671814544
10,0,10,16,1671814811
8,0,8,18,1671815344
8,0,8,18,1671815610
9,0,9,17,1671815878
9,0,9,17,1671816141
9,0,9,17,1671816405
8,0,8,18,1671816672
7,0,7,19,1671816937
6,0,6,20,1671817467
6,0,6,20,1671817730
4,0,4,22,1671817996
4,0,4,22,1671818264
3,0,3,23,1671818534
3,0,3,23,1671818800
3,0,3,23,1671819065
3,0,3,23,1671819332
3,0,3,23,1671819867
3,0,3,23,1671820134
2,0,2,24,1671820400
2,0,2,24,1671820665
3,0,3,23,1671820932
2,0,2,24,1671821195
0,0,0,26,1671821462
0,0,0,26,1671821727
0,0,0,26,1671822260
0,0,0,26,1671822527
0,0,0,26,1671822794
1,0,1,25,1671823061
0,0,0,26,1671823328
0,0,0,26,1671823612
0,0,0,26,1671823880
0,0,0,26,1671824143
1,0,1,25,1671824675
1,0,1,25,1671824945
1,0,1,25,1671825212
0,0,0,26,1671825483
0,0,0,26,1671825752
0,0,0,26,1671826018
0,0,0,26,1671826286
6,6,0,20,1671826552
6,6,0,20,1671826813
6,6,0,20,1671827348
6,6,0,20,1671827615
6,6,0,20,1671827882
9,6,3,17,1671828150
9,6,3,17,1671828415
9,6,3,17,1671828678
9,6,3,17,1671828942
9,6,3,17,1671829211
8,6,2,18,1671829743
8,6,2,18,1671830009
8,6,2,18,1671830271
8,6,2,18,1671830540
8,6,2,18,1671830805
8,6,2,18,1671831075
8,6,2,18,1671831340
6,6,0,20,1671831871
6,6,0,20,1671832140
6,6,0,20,1671832408
6,6,0,20,1671832675
5,5,0,21,1671832939
5,5,0,21,1671833202
5,5,0,21,1671833473
5,5,0,21,1671833736
4,4,0,22,1671834275
4,4,0,22,1671834539
5,4,1,21,1671834839
5,4,1,21,1671835100
5,4,1,21,1671835359
7,4,3,19,1671835622
7,4,3,19,1671835879
4,4,0,22,1671836142
4,4,0,22,1671836404
4,4,0,22,1671836974
4,4,0,22,1671837239
4,4,0,22,1671837504
4,4,0,22,1671837772
4,4,0,22,1671838036
4,4,0,22,1671838303
4,4,0,22,1671838569
3,3,0,23,1671838834
3,3,0,23,1671839372
3,3,0,23,1671839637
3,3,0,23,1671839905
3,3,0,23,1671840174
3,3,0,23,1671840442
3,3,0,23,1671840710
3,3,0,23,1671840977
3,3,0,23,1671841240
3,3,0,23,1671841768
3,3,0,23,1671842028
3,3,0,23,1671842286
3,3,0,23,1671842550
4,3,1,22,1671842813
4,3,1,22,1671843074
4,3,1,22,1671843340
4,3,1,22,1671843869
4,3,1,22,1671844139
4,3,1,22,1671844404
4,3,1,22,1671844665
4,3,1,22,1671844926
4,3,1,22,1671845187
5,3,2,21,1671845452
5,3,2,21,1671845980
5,3,2,21,1671846243
5,3,2,21,1671846508
5,3,2,21,1671846770
5,3,2,21,1671847034
5,3,2,21,1671847301
5,3,2,21,1671847568
5,3,2,21,1671847831
5,3,2,21,1671848366
5,3,2,21,1671848634
5,3,2,21,1671848898
5,3,2,21,1671849165
5,3,2,21,1671849432
5,3,2,21,1671849698
5,3,2,21,1671849963
5,3,2,21,1671850232
5,3,2,21,1671850763
5,3,2,21,1671851025
5,3,2,21,1671851285
5,3,2,21,1671851550
5,3,2,21,1671851816
5,3,2,21,1671852081
5,3,2,21,1671852346
5,3,2,21,1671852875
5,3,2,21,1671853140
5,3,2,21,1671853404
5,3,2,21,1671853671
5,3,2,21,1671853938
5,3,2,21,1671854204
5,3,2,21,1671854468
5,3,2,21,1671854735
5,3,2,21,1671855264
5,3,2,21,1671855529
5,3,2,21,1671855796
5,3,2,21,1671856062
5,3,2,21,1671856327
3,3,0,23,1671856586
3,3,0,23,1671856846
3,3,0,23,1671857111
3,3,0,23,1671857640
3,3,0,23,1671857906
3,3,0,23,1671858171
3,3,0,23,1671858435
3,3,0,23,1671858702
3,3,0,23,1671858970
3,3,0,23,1671859233
3,3,0,23,1671859766
3,3,0,23,1671860032
3,3,0,23,1671860299
3,3,0,23,1671860564
3,3,0,23,1671860832
3,3,0,23,1671861096
3,3,0,23,1671861361
3,3,0,23,1671861622
4,3,1,22,1671862149
4,3,1,22,1671862410
4,3,1,22,1671862675
4,3,1,22,1671862940
4,3,1,22,1671863209
4,3,1,22,1671863470
4,3,1,22,1671863733
3,3,0,23,1671864267
3,3,0,23,1671864532
3,3,0,23,1671864793
3,3,0,23,1671865061
3,3,0,23,1671865323
3,3,0,23,1671865590
3,3,0,23,1671865855
3,3,0,23,1671866122
3,3,0,23,1671866654
3,3,0,23,1671866921
3,3,0,23,1671867189
3,3,0,23,1671867458
3,3,0,23,1671867729
3,3,0,23,1671867996
3,3,0,23,1671868264
3,3,0,23,1671868528
3,3,0,23,1671869060
3,3,0,23,1671869326
3,3,0,23,1671869594
3,3,0,23,1671869866
3,3,0,23,1671870133
4,3,1,22,1671870402
4,3,1,22,1671870665
3,3,0,23,1671870932
4,3,1,22,1671871465
3,2,1,23,1671871729
3,2,1,23,1671871991
4,2,2,22,1671872255
4,2,2,22,1671872516
4,2,2,22,1671872779
4,2,2,22,1671873041
4,2,2,22,1671873563
4,2,2,22,1671873827
4,2,2,22,1671874088
5,2,3,21,1671874347
5,2,3,21,1671874612
5,2,3,21,1671874876
5,2,3,21,1671875134
5,2,3,21,1671875660
4,2,2,22,1671875926
4,2,2,22,1671876189
4,2,2,22,1671876457
4,2,2,22,1671876723
4,2,2,22,1671876989
3,1,2,23,1671877256
5,1,4,21,1671877789
4,1,3,22,1671878052
4,1,3,22,1671878321
3,1,2,23,1671878588
3,1,2,23,1671878852
3,1,2,23,1671879116
3,1,2,23,1671879381
3,1,2,23,1671879648
3,1,2,23,1671879914
3,1,2,23,1671880445
3,1,2,23,1671880710
4,1,3,22,1671880979
4,1,3,22,1671881246
4,0,4,21,1671881509
3,0,3,23,1671881777
3,0,3,23,1671882037
3,0,3,23,1671882561
3,0,3,23,1671882825
3,0,3,23,1671883087
3,1,2,23,1671883351
3,1,2,23,1671883615
3,1,2,23,1671883883
3,1,2,23,1671884150
3,1,2,23,1671884413
3,1,2,23,1671884944
3,1,2,23,1671885212
3,1,2,23,1671885479
3,1,2,23,1671885747
2,1,1,24,1671886014
2,1,1,24,1671886279
2,1,1,24,1671886544
2,1,1,24,1671887077
2,1,1,24,1671887345
2,1,1,24,1671887609
1,1,0,25,1671887877
1,1,0,25,1671888143
1,1,0,25,1671888410
1,1,0,25,1671888677
1,1,0,25,1671888945
0,0,0,26,1671889473
0,0,0,26,1671889738
0,0,0,26,1671890001
0,0,0,26,1671890266
0,0,0,26,1671890530
0,0,0,26,1671890793
0,0,0,26,1671891055
0,0,0,26,1671891582
0,0,0,26,1671891843
0,0,0,26,1671892104
0,0,0,26,1671892367
0,0,0,26,1671892626
0,0,0,26,1671892890
0,0,0,26,1671893155
0,0,0,26,1671893420
0,0,0,26,1671893948
0,0,0,26,1671894217
0,0,0,26,1671894484
0,0,0,26,1671894747
0,0,0,26,1671895008
0,0,0,26,1671895268
0,0,0,26,1671895526
0,0,0,26,1671896046
0,0,0,26,1671896308
1,0,1,25,1671896569
1,0,1,25,1671896833
1,0,1,25,1671897097
1,0,1,25,1671897361
1,0,1,25,1671897624
1,0,1,25,1671898156
0,0,0,26,1671898423
0,0,0,26,1671898689
0,0,0,26,1671898956
0,0,0,26,1671899224
0,0,0,26,1671899493
1,0,1,25,1671899761
1,0,1,25,1671900028
1,0,1,25,1671900561
1,0,1,25,1671900831
1,0,1,25,1671901097
1,0,1,25,1671901362
0,0,0,26,1671901626
1,0,1,25,1671901897
1,0,1,25,1671902164
1,0,1,25,1671902433
1,0,1,25,1671902970
1,0,1,25,1671903233
1,0,1,25,1671903501
1,0,1,25,1671903764
2,0,2,24,1671904031
2,0,2,24,1671904299
2,0,2,24,1671904564
1,0,1,25,1671904830
1,0,1,25,1671905367
1,0,1,25,1671905633
0,0,0,26,1671905904
0,0,0,26,1671906169
0,0,0,26,1671906434
0,0,0,26,1671906702
0,0,0,26,1671906971
0,0,0,26,1671907238
0,0,0,26,1671907772
0,0,0,26,1671908040
0,0,0,26,1671908309
0,0,0,26,1671908576
0,0,0,26,1671908844
0,0,0,26,1671909111
0,0,0,26,1671909379
0,0,0,26,1671909648
0,0,0,26,1671909913
0,0,0,26,1671910445
0,0,0,26,1671910713
1,0,1,25,1671910980
1,0,1,25,1671911246
1,0,1,25,1671911515
1,0,1,25,1671911783
1,0,1,25,1671912052
1,0,1,25,1671912319
1,0,1,25,1671912857
1,0,1,25,1671913126
1,0,1,25,1671913393
1,0,1,25,1671913661
1,0,1,25,1671913929
1,0,1,25,1671914197
1,0,1,25,1671914463
1,0,1,25,1671914727
1,0,1,25,1671915254
1,0,1,25,1671915517
1,0,1,25,1671915785
1,0,1,25,1671916052
1,0,1,25,1671916319
1,0,1,25,1671916585
1,0,1,25,1671916851
2,0,2,24,1671917387
2,0,2,24,1671917654
2,0,2,24,1671917919
2,0,2,24,1671918189
2,0,2,24,1671918458
2,0,2,24,1671918725
2,0,2,24,1671918993
2,0,2,24,1671919261
2,0,2,24,1671919528
2,0,2,24,1671920059
2,0,2,24,1671920322
2,0,2,24,1671920589
2,0,2,24,1671920857
2,0,2,24,1671921124
2,0,2,24,1671921392
2,0,2,24,1671921656
2,0,2,24,1671922181
2,0,2,24,1671922440
2,0,2,24,1671922707
2,0,2,24,1671922965
2,0,2,24,1671923264
2,0,2,24,1671923526
2,0,2,24,1671923785
2,0,2,24,1671924046
2,0,2,24,1671924566
2,0,2,24,1671924566
2,0,2,24,1671925139
2,0,2,24,1671925405
2,0,2,24,1671925672
2,0,2,24,1671925935
2,0,2,24,1671926203
2,0,2,24,1671926469
2,0,2,24,1671926738
2,0,2,24,1671927275
2,0,2,24,1671927541
2,0,2,24,1671927809
2,0,2,24,1671928076
3,0,3,23,1671928339
3,0,3,23,1671928608
3,0,3,23,1671928876
3,0,3,23,1671929143
3,0,3,23,1671929678
3,0,3,23,1671929947
3,0,3,23,1671930217
3,0,3,23,1671930484
3,0,3,23,1671930751
3,0,3,23,1671931021
3,0,3,23,1671931288
3,0,3,23,1671931556
3,0,3,23,1671931823
3,0,3,23,1671932357
3,0,3,23,1671932622
3,0,3,23,1671932890
3,0,3,23,1671933154
3,0,3,23,1671933424
3,0,3,23,1671933692
3,0,3,23,1671933960
3,0,3,23,1671934479
3,0,3,23,1671934738
3,0,3,23,1671934997
3,0,3,23,1671935261
3,0,3,23,1671935528
3,0,3,23,1671935795
3,0,3,23,1671936062
3,0,3,23,1671936329
3,0,3,23,1671936867
3,0,3,23,1671937135
3,0,3,23,1671937403
3,0,3,23,1671937672
3,0,3,23,1671937939
3,0,3,23,1671938208
3,0,3,23,1671938475
3,0,3,23,1671938744
3,0,3,23,1671939273
3,0,3,23,1671939541
3,0,3,23,1671939804
3,0,3,23,1671940072
3,0,3,23,1671940341
3,0,3,23,1671940608
3,0,3,23,1671940876
2,0,2,24,1671941144
2,0,2,24,1671941674
2,0,2,24,1671941943
2,0,2,24,1671942206
2,0,2,24,1671942476
2,0,2,24,1671942744
2,0,2,24,1671943009
3,0,3,24,1671943278
3,0,3,24,1671943542
4,0,4,23,1671944074
4,0,4,23,1671944339
4,0,4,23,1671944606
4,0,4,23,1671944874
4,0,4,23,1671945141
4,0,4,23,1671945408
4,0,4,23,1671945676
4,0,4,23,1671945941
4,0,4,23,1671946480
4,0,4,23,1671946747
4,0,4,23,1671947013
4,0,4,23,1671947282
4,0,4,23,1671947553
4,0,4,23,1671947822
4,0,4,23,1671948089
4,0,4,23,1671948360
4,0,4,23,1671948628
4,0,4,23,1671949160
4,0,4,23,1671949426
4,0,4,23,1671949694
4,0,4,23,1671949962
4,0,4,23,1671950229
4,0,4,23,1671950499
4,0,4,23,1671950765
4,0,4,23,1671951032
4,0,4,23,1671951561
4,0,4,23,1671951828
4,0,4,23,1671952096
4,0,4,23,1671952361
4,0,4,23,1671952629
4,0,4,23,1671952896
4,0,4,23,1671953164
4,0,4,23,1671953431
4,0,4,23,1671953968
4,0,4,23,1671954233
4,0,4,23,1671954501
4,0,4,23,1671954767
4,0,4,23,1671955037
4,0,4,23,1671955304
4,0,4,23,1671955571
4,0,4,23,1671955838
4,0,4,23,1671956371
4,0,4,23,1671956639
4,0,4,23,1671956903
4,0,4,23,1671957171
4,0,4,23,1671957435
4,0,4,23,1671957705
4,0,4,23,1671957970
4,0,4,23,1671958238
4,0,4,23,1671958772
4,0,4,23,1671959040
4,0,4,23,1671959306
4,0,4,23,1671959576
4,0,4,23,1671959842
4,0,4,23,1671960112
4,0,4,23,1671960375
4,0,4,23,1671960644
4,0,4,23,1671961180
4,0,4,23,1671961446
4,0,4,23,1671961714
4,0,4,23,1671961979
4,0,4,23,1671962246
4,0,4,23,1671962513
4,0,4,23,1671962782
5,0,5,22,1671963046
5,0,5,22,1671963581
5,0,5,22,1671963848
5,0,5,22,1671964115
5,0,5,22,1671964384
5,0,5,22,1671964650
5,0,5,22,1671964920
5,0,5,22,1671965187
5,0,5,22,1671965451
5,0,5,22,1671965986
5,0,5,22,1671966255
5,0,5,22,1671966521
4,0,4,23,1671966790
4,0,4,23,1671967056
4,0,4,23,1671967322
4,0,4,23,1671967590
4,0,4,23,1671967857
4,0,4,23,1671968390
4,0,4,23,1671968655
4,0,4,23,1671968925
4,0,4,23,1671969191
4,0,4,23,1671969461
4,0,4,23,1671969729
4,0,4,23,1671969991
4,0,4,23,1671970261
4,0,4,23,1671970527
4,0,4,23,1671971062
4,0,4,23,1671971331
4,0,4,23,1671971600
4,0,4,23,1671971869
4,0,4,23,1671972136
4,0,4,23,1671972401
6,0,6,21,1671972661
6,0,6,21,1671973190
6,0,6,21,1671973453
5,0,5,22,1671973721
5,0,5,22,1671973990
5,0,5,22,1671974256
5,0,5,22,1671974520
4,0,4,23,1671974790
4,0,4,23,1671975057
4,0,4,23,1671975585
4,0,4,23,1671975853
4,0,4,23,1671976120
4,0,4,23,1671976387
4,0,4,23,1671976650
4,0,4,23,1671976920
4,0,4,23,1671977183
3,0,3,24,1671977451
3,0,3,24,1671977716
2,0,2,25,1671978252
2,0,2,25,1671978518
2,0,2,25,1671978787
2,0,2,25,1671979055
2,0,2,25,1671979321
2,0,2,25,1671979586
2,0,2,25,1671979852
2,0,2,25,1671980384
2,0,2,25,1671980652
2,0,2,25,1671980922
2,0,2,25,1671981188
2,0,2,25,1671981455
2,0,2,25,1671981724
2,0,2,25,1671981991
2,0,2,25,1671982259
2,0,2,25,1671982526
2,0,2,25,1671983061
2,0,2,25,1671983328
2,0,2,25,1671983592
2,0,2,25,1671983862
2,0,2,25,1671984132
2,0,2,25,1671984394
2,0,2,25,1671984663
2,0,2,25,1671984931
2,0,2,25,1671985466
2,0,2,25,1671985732
2,0,2,25,1671986001
2,0,2,25,1671986264
2,0,2,25,1671986532
2,0,2,25,1671986800
1,0,1,26,1671987067
2,0,2,25,1671987334
2,0,2,25,1671987867
2,0,2,25,1671988135
2,0,2,25,1671988402
2,0,2,25,1671988670
2,0,2,25,1671988937
2,0,2,25,1671989201
2,0,2,25,1671989469
2,0,2,25,1671989737
2,0,2,25,1671990273
2,0,2,25,1671990539
2,0,2,25,1671990806
1,0,1,26,1671991073
1,0,1,26,1671991337
1,0,1,26,1671991604
2,0,2,25,1671991868
2,0,2,25,1671992133
2,0,2,25,1671992671
2,0,2,25,1671992939
3,0,3,24,1671993204
3,0,3,24,1671993472
2,0,2,25,1671993741
2,0,2,25,1671994007
2,0,2,25,1671994275
2,0,2,25,1671994544
2,0,2,25,1671995080
2,0,2,25,1671995348
2,0,2,25,1671995614
1,0,1,26,1671995880
1,0,1,26,1671996145
1,0,1,26,1671996411
1,0,1,26,1671996679
1,0,1,26,1671996949
1,0,1,26,1671997213
1,0,1,26,1671997749
1,0,1,26,1671998018
3,0,3,24,1671998284
3,0,3,24,1671998552
3,0,3,24,1671998818
3,0,3,24,1671999086
3,0,3,24,1671999355
3,0,3,24,1671999890
3,0,3,24,1672000157
3,0,3,24,1672000426
3,0,3,24,1672000694
3,0,3,24,1672000961
3,0,3,24,1672001226
3,0,3,24,1672001490
3,0,3,24,1672001759
2,0,2,25,1672002027
2,0,2,25,1672002561
2,0,2,25,1672002830
2,0,2,25,1672003098
2,0,2,25,1672003366
2,0,2,25,1672003634
3,0,3,24,1672003902
3,0,3,24,1672004167
3,0,3,24,1672004437
4,0,4,23,1672004971
4,0,4,23,1672005237
4,0,4,23,1672005502
4,0,4,23,1672005767
4,0,4,23,1672006034
3,0,3,24,1672006302
3,0,3,24,1672006569
2,0,2,25,1672006839
2,0,2,25,1672007369
2,0,2,25,1672007637
2,0,2,25,1672007906
2,0,2,25,1672008178
2,0,2,25,1672008445
2,0,2,25,1672008707
2,0,2,25,1672008973
2,0,2,25,1672009238
6,0,6,21,1672009775
6,0,6,21,1672010039
6,0,6,21,1672010306
6,0,6,21,1672010572
6,0,6,21,1672010839
6,0,6,21,1672011106
6,0,6,21,1672011408
6,0,6,21,1672011667
6,0,6,21,1672011927
5,0,5,22,1672012449
5,0,5,22,1672012709
5,0,5,22,1672012968
5,0,5,22,1672013272
5,0,5,22,1672013540
5,0,5,22,1672013807
7,0,7,20,1672014078
7,0,7,20,1672014345
7,0,7,20,1672014614
7,0,7,20,1672015145
5,0,5,22,1672015413
5,0,5,22,1672015679
5,0,5,22,1672015948
5,0,5,22,1672016216
5,0,5,22,1672016480
5,0,5,22,1672016747
5,0,5,22,1672017274
5,0,5,22,1672017539
5,0,5,22,1672017801
5,0,5,22,1672018064
5,0,5,22,1672018331
5,0,5,22,1672018593
5,0,5,22,1672018856
5,0,5,22,1672019379
4,0,4,23,1672019642
4,0,4,23,1672019906
4,0,4,23,1672020170
3,0,3,24,1672020434
3,0,3,24,1672020699
3,0,3,24,1672020968
3,0,3,24,1672021235
4,0,4,23,1672021771
4,0,4,23,1672022038
4,0,4,23,1672022303
4,0,4,23,1672022570
4,0,4,23,1672022834
4,0,4,23,1672023100
4,0,4,23,1672023361
4,0,4,23,1672023888
4,0,4,23,1672024155
4,0,4,23,1672024417
4,0,4,23,1672024683
4,0,4,23,1672024949
4,0,4,23,1672025217
4,0,4,23,1672025482
4,0,4,23,1672025749
4,0,4,23,1672026282
4,0,4,23,1672026548
5,0,5,22,1672026816
5,0,5,22,1672027084
5,0,5,22,1672027353
5,0,5,22,1672027618
5,0,5,22,1672027887
5,0,5,22,1672028156
5,0,5,22,1672028695
5,0,5,22,1672028963
5,0,5,22,1672029228
5,0,5,22,1672029491
5,0,5,22,1672029761
5,0,5,22,1672030029
5,0,5,22,1672030298
5,0,5,22,1672030563
5,0,5,22,1672030832
5,0,5,22,1672031369
5,0,5,22,1672031633
5,0,5,22,1672031900
5,0,5,22,1672032168
5,0,5,22,1672032432
5,0,5,22,1672032699
5,0,5,22,1672032966
5,0,5,22,1672033496
5,0,5,22,1672033764
5,0,5,22,1672034028
5,0,5,22,1672034295
5,0,5,22,1672034563
5,0,5,22,1672034830
5,0,5,22,1672035099
5,0,5,22,1672035366
5,0,5,22,1672035633
5,0,5,22,1672036168
5,0,5,22,1672036435
5,0,5,22,1672036702
5,0,5,22,1672036970
5,0,5,22,1672037237
6,0,6,21,1672037501
6,0,6,21,1672037768
6,0,6,21,1672038033
6,0,6,21,1672038561
6,0,6,21,1672038826
6,0,6,21,1672039087
6,0,6,21,1672039354
6,0,6,21,1672039620
6,0,6,21,1672039882
6,0,6,21,1672040142
6,0,6,21,1672040663
6,0,6,21,1672040926
6,0,6,21,1672041186
6,0,6,21,1672041449
6,0,6,21,1672041706
6,0,6,21,1672041968
6,0,6,21,1672042491
6,0,6,21,1672042754
6,0,6,22,1672043021
6,0,6,22,1672043289
6,0,6,22,1672043549
6,0,6,22,1672043816
6,0,6,22,1672044082
6,0,6,22,1672044342
6,0,6,22,1672044868
6,0,6,22,1672045135
6,0,6,22,1672045399
7,0,7,21,1672045663
7,0,7,21,1672045925
7,0,7,21,1672046190
7,0,7,21,1672046454
7,0,7,21,1672046980
7,0,7,21,1672047241
7,0,7,21,1672047504
7,0,7,21,1672047768
7,0,7,21,1672048031
7,0,7,21,1672048295
7,0,7,21,1672048561
8,0,8,20,1672049094
8,0,8,20,1672049361
8,0,8,20,1672049628
8,0,8,20,1672049892
7,0,7,21,1672050156
8,0,8,20,1672050431
7,0,7,21,1672050698
7,0,7,21,1672050965
7,0,7,21,1672051234
7,0,7,21,1672051768
7,0,7,21,1672052037
7,0,7,21,1672052304
7,0,7,21,1672052571
7,0,7,21,1672052836
7,0,7,21,1672053101
7,0,7,21,1672053367
7,0,7,21,1672053633
7,0,7,21,1672054165
7,0,7,21,1672054432
7,0,7,21,1672054697
7,0,7,21,1672054964
7,0,7,21,1672055231
7,0,7,21,1672055501
7,0,7,21,1672055768
6,0,6,22,1672056034
6,0,6,22,1672056563
6,0,6,22,1672056832
6,0,6,22,1672057097
6,0,6,22,1672057358
6,0,6,22,1672057622
6,0,6,22,1672057889
6,0,6,22,1672058154
6,0,6,22,1672058676
6,0,6,22,1672058936
6,0,6,22,1672059201
6,0,6,22,1672059461
6,0,6,22,1672059726
6,0,6,22,1672059991
6,0,6,22,1672060257
7,0,7,21,1672060784
7,0,7,21,1672061045
7,0,7,21,1672061304
7,0,7,21,1672061567
7,0,7,21,1672061829
7,0,7,21,1672062092
7,0,7,21,1672062355
7,0,7,21,1672062887
7,0,7,21,1672063152
7,0,7,21,1672063416
7,0,7,21,1672063683
7,0,7,21,1672063951
7,0,7,21,1672064216
7,0,7,21,1672064482
7,0,7,21,1672064749
7,0,7,21,1672065281
7,0,7,21,1672065544
7,0,7,21,1672065807
7,0,7,21,1672066076
7,0,7,21,1672066338
7,0,7,21,1672066602
7,0,7,21,1672066870
7,0,7,21,1672067133
7,0,7,21,1672067670
7,0,7,21,1672067936
7,0,7,21,1672068204
7,0,7,21,1672068470
7,0,7,21,1672068737
7,0,7,21,1672069005
8,0,8,20,1672069272
8,0,8,20,1672069538
8,0,8,20,1672070068
8,0,8,20,1672070339
8,0,8,20,1672070607
8,0,8,20,1672070872
7,0,7,21,1672071139
7,0,7,21,1672071406
7,0,7,21,1672071669
7,0,7,21,1672071938
7,0,7,21,1672072469
6,0,6,22,1672072737
6,0,6,22,1672073003
6,0,6,22,1672073272
6,0,6,22,1672073535
6,0,6,22,1672073803
6,0,6,22,1672074069
6,0,6,22,1672074593
6,0,6,22,1672074858
6,0,6,22,1672075121
5,0,5,23,1672075389
4,0,4,24,1672075656
4,0,4,24,1672075926
4,0,4,24,1672076194
4,0,4,24,1672076461
4,0,4,24,1672076989
4,0,4,24,1672077256
4,0,4,24,1672077524
3,0,3,25,1672077790
3,0,3,25,1672078054
3,0,3,25,1672078317
3,0,3,25,1672078577
3,0,3,25,1672078844
3,0,3,25,1672079380
3,0,3,25,1672079649
3,0,3,25,1672079914
3,0,3,25,1672080175
4,0,4,24,1672080433
4,0,4,24,1672080693
4,0,4,24,1672080962
1,0,1,27,1672081496
2,0,2,26,1672081762
2,0,2,26,1672082029
3,0,3,25,1672082298
3,0,3,25,1672082560
2,0,2,26,1672082826
1,0,1,27,1672083092
1,0,1,27,1672083356
1,0,1,27,1672083892
1,0,1,27,1672084159
1,0,1,27,1672084426
1,0,1,27,1672084693
1,0,1,27,1672084960
1,0,1,27,1672085227
1,0,1,27,1672085494
2,0,2,26,1672085757
2,0,2,26,1672086026
3,0,3,25,1672086558
3,0,3,25,1672086827
3,0,3,25,1672087096
3,0,3,25,1672087363
3,0,3,25,1672087625
3,0,3,25,1672087890
3,0,3,25,1672088158
3,0,3,25,1672088688
3,0,3,25,1672088959
3,0,3,25,1672089222
3,0,3,25,1672089491
3,0,3,25,1672089756
3,0,3,25,1672090019
4,0,4,24,1672090282
4,0,4,24,1672090549
4,0,4,24,1672091078
4,0,4,24,1672091339
4,0,4,24,1672091604
4,0,4,24,1672091870
5,0,5,23,1672092134
5,0,5,23,1672092398
5,0,5,23,1672092659
5,0,5,23,1672092923
5,0,5,23,1672093454
6,0,6,22,1672093721
5,0,5,23,1672093989
5,0,5,23,1672094252
4,0,4,24,1672094513
4,0,4,24,1672094773
4,0,4,24,1672095033
4,0,4,24,1672095551
4,0,4,24,1672095815
4,0,4,24,1672096076
4,0,4,24,1672096337
4,0,4,24,1672096600
4,0,4,24,1672096867
5,0,5,23,1672097133
5,0,5,23,1672097659
5,0,5,23,1672097924
5,0,5,23,1672098189
5,0,5,23,1672098451
5,0,5,23,1672098712
5,0,5,23,1672098974
5,0,5,23,1672099239
5,0,5,23,1672099503
5,0,5,23,1672100064
5,0,5,23,1672100328
5,0,5,23,1672100589
5,0,5,23,1672100851
5,0,5,23,1672101112
5,0,5,23,1672101372
5,0,5,23,1672101677
5,0,5,23,1672101945
5,0,5,23,1672102480
5,0,5,23,1672102747
5,0,5,23,1672103014
5,0,5,23,1672103282
5,0,5,23,1672103550
5,0,5,23,1672103818
5,0,5,23,1672104084
5,0,5,23,1672104350
5,0,5,23,1672104886
5,0,5,23,1672105154
5,0,5,23,1672105420
5,0,5,23,1672105687
5,0,5,23,1672105955
5,0,5,23,1672106223
5,0,5,23,1672106490
7,0,7,21,1672106759
7,0,7,21,1672107021
7,0,7,21,1672107556
7,0,7,21,1672107825
7,0,7,21,1672108091
7,0,7,21,1672108356
7,0,7,21,1672108622
7,0,7,21,1672108886
7,0,7,21,1672109156
7,0,7,21,1672109688
7,0,7,21,1672109956
7,0,7,21,1672110224
7,0,7,21,1672110491
7,0,7,21,1672110755
7,0,7,21,1672111024
7,0,7,21,1672111292
7,0,7,21,1672111561
7,0,7,21,1672111829
7,0,7,21,1672112365
8,0,8,20,1672112636
8,0,8,20,1672112900
8,0,8,20,1672113167
8,0,8,20,1672113436
8,0,8,20,1672113698
8,0,8,20,1672113969
8,0,8,20,1672114235
8,0,8,20,1672114768
8,0,8,20,1672115035
8,0,8,20,1672115298
8,0,8,20,1672115565
8,0,8,20,1672115832
8,0,8,20,1672116100
8,0,8,20,1672116366
8,0,8,20,1672116631
8,0,8,20,1672117167
8,0,8,20,1672117431
8,0,8,20,1672117698
8,0,8,20,1672117966
8,0,8,20,1672118229
8,0,8,20,1672118487
8,0,8,20,1672118747
8,0,8,20,1672119272
8,0,8,20,1672119538
8,0,8,20,1672119803
8,0,8,20,1672120071
8,0,8,20,1672120336
8,0,8,20,1672120603
8,0,8,20,1672120868
8,0,8,20,1672121136
8,0,8,20,1672121674
8,0,8,20,1672121940
8,0,8,20,1672122202
8,0,8,20,1672122470
8,0,8,20,1672122738
8,0,8,20,1672123005
8,0,8,20,1672123273
8,0,8,20,1672123541
8,0,8,20,1672124071
8,0,8,20,1672124338
8,0,8,20,1672124607
8,0,8,20,1672124875
8,0,8,20,1672125143
8,0,8,20,1672125410
8,0,8,20,1672125676
8,0,8,20,1672125943
9,0,9,19,1672126479
9,0,9,19,1672126744
10,0,10,18,1672127011
9,0,9,19,1672127281
9,0,9,19,1672127546
15,1,14,13,1672127812
16,1,15,12,1672128080
19,2,17,9,1672128348
20,2,18,8,1672128881
20,2,18,8,1672129148
22,2,20,6,1672129417
23,2,21,5,1672129678
24,2,22,4,1672129945
24,2,22,4,1672130211
25,2,23,3,1672130479
25,2,23,3,1672130749
25,2,23,3,1672131281
26,2,24,2,1672131549
27,2,25,1,1672131817
27,2,25,1,1672132085
27,2,25,1,1672132352
28,2,26,0,1672132616
27,2,25,1,1672132880
27,2,25,1,1672133146
27,2,25,1,1672133685
25,2,23,3,1672133950
24,2,22,4,1672134216
24,2,22,4,1672134483
25,2,23,3,1672134746
26,2,24,2,1672135012
27,2,25,1,1672135279
28,2,26,0,1672135545
28,2,26,0,1672136078
28,2,26,0,1672136347
28,2,26,0,1672136617
27,2,25,1,1672136880
27,2,25,1,1672137144
27,2,25,1,1672137411
27,2,25,1,1672137675
28,2,26,0,1672137938
27,1,26,1,1672138472
28,1,27,0,1672138736
28,1,27,0,1672139006
28,1,27,0,1672139273
28,1,27,0,1672139542
28,1,27,0,1672139810
28,1,27,0,1672140076
28,1,27,0,1672140342
28,1,27,0,1672140876
28,1,27,0,1672141143
27,0,27,1,1672141409
27,0,27,1,1672141673
28,0,28,0,1672141942
28,0,28,0,1672142211
28,0,28,0,1672142477
28,0,28,0,1672142743
28,0,28,0,1672143279
28,0,28,0,1672143549
27,0,27,1,1672143817
28,0,28,0,1672144085
28,0,28,0,1672144352
28,0,28,0,1672144619
26,0,26,2,1672144887
26,0,26,2,1672145154
26,0,26,2,1672145421
26,0,26,2,1672145953
25,0,25,3,1672146219
25,0,25,3,1672146488
24,0,24,4,1672146755
24,0,24,4,1672147023
22,0,22,6,1672147292
21,0,21,7,1672147559
22,0,22,6,1672148094
21,0,21,7,1672148358
23,0,23,5,1672148623
23,0,23,5,1672148889
23,0,23,5,1672149157
24,0,24,4,1672149426
24,0,24,4,1672149693
24,0,24,4,1672149962
25,0,25,3,1672150490
26,1,25,2,1672150754
27,0,27,1,1672151021
28,0,28,0,1672151286
28,0,28,0,1672151554
28,0,28,0,1672151821
28,0,28,0,1672152091
28,0,28,0,1672152355
28,0,28,0,1672152624
28,0,28,0,1672153159
28,0,28,0,1672153427
28,0,28,0,1672153694
28,0,28,0,1672153957
28,0,28,0,1672154226
28,0,28,0,1672154492
28,0,28,0,1672154759
28,0,28,0,1672155020
28,0,28,0,1672155554
27,0,27,1,1672155821
27,0,27,1,1672156087
27,0,27,1,1672156356
26,0,26,2,1672156623
27,0,27,1,1672156893
26,0,26,2,1672157160
27,1,26,1,1672157424
27,1,26,1,1672157959
27,1,26,1,1672158229
27,1,26,1,1672158496
28,1,27,0,1672158760
25,0,25,3,1672159028
26,0,26,2,1672159291
26,0,26,2,1672159560
24,0,24,4,1672160088
21,0,21,7,1672160354
21,0,21,7,1672160619
21,0,21,7,1672160889
21,0,21,7,1672161155
20,0,20,8,1672161420
20,0,20,8,1672161688
20,0,20,8,1672161955
19,0,19,9,1672162218
18,0,18,10,1672162751
18,0,18,10,1672163021
17,0,17,11,1672163288
17,0,17,11,1672163553
15,0,15,13,1672163822
18,1,17,10,1672164090
18,0,18,9,1672164358
17,1,16,11,1672164898
16,1,15,12,1672165165
15,1,14,13,1672165431
14,1,13,14,1672165695
12,0,12,16,1672165958
9,0,9,19,1672166225
8,0,8,20,1672166491
8,0,8,20,1672166758
7,0,7,21,1672167292
7,0,7,21,1672167560
7,0,7,21,1672167829
8,0,8,20,1672168093
7,0,7,21,1672168360
7,0,7,21,1672168625
7,0,7,21,1672168895
7,0,7,21,1672169163
6,0,6,22,1672169431
6,0,6,22,1672169963
6,0,6,22,1672170228
6,0,6,22,1672170497
2,0,2,26,1672170761
1,0,1,27,1672171031
1,0,1,27,1672171298
1,0,1,27,1672171565
2,0,2,26,1672172098
2,0,2,26,1672172362
1,0,1,27,1672172628
1,0,1,27,1672172891
1,0,1,27,1672173155
1,0,1,27,1672173424
1,0,1,27,1672173693
1,0,1,27,1672173960
2,0,2,26,1672174493
2,0,2,26,1672174759
2,0,2,26,1672175025
2,0,2,26,1672175297
2,0,2,26,1672175563
2,0,2,26,1672175829
2,0,2,26,1672176095
2,0,2,26,1672176361
2,0,2,26,1672176895
2,0,2,26,1672177159
2,0,2,26,1672177427
2,0,2,26,1672177695
2,0,2,26,1672177962
2,0,2,26,1672178227
2,0,2,26,1672178494
2,0,2,26,1672178763
2,0,2,26,1672179300
2,0,2,26,1672179566
2,0,2,26,1672179834
2,0,2,26,1672180100
2,0,2,26,1672180369
2,0,2,26,1672180636
2,0,2,26,1672180905
2,0,2,26,1672181173
2,0,2,26,1672181437
2,0,2,26,1672181972
2,0,2,26,1672182240
3,0,3,25,1672182508
3,0,3,25,1672182775
3,0,3,25,1672183042
3,0,3,25,1672183309
3,0,3,25,1672183578
3,0,3,25,1672183844
3,0,3,25,1672184379
3,0,3,25,1672184647
3,0,3,25,1672184916
3,0,3,25,1672185184
3,0,3,25,1672185449
3,0,3,25,1672185716
3,0,3,25,1672185980
3,0,3,25,1672186248
3,0,3,25,1672186783
3,0,3,25,1672187052
3,0,3,25,1672187320
3,0,3,25,1672187588
3,0,3,25,1672187857
3,0,3,25,1672188157
3,0,3,25,1672188418
3,0,3,25,1672188680
3,0,3,25,1672188939
3,0,3,25,1672189462
3,0,3,25,1672189462
3,0,3,25,1672190043
3,0,3,25,1672190304
3,0,3,25,1672190571
3,0,3,25,1672190838
3,0,3,25,1672191106
3,0,3,25,1672191374
3,0,3,25,1672191642
4,0,4,24,1672192175
4,0,4,24,1672192444
4,0,4,24,1672192709
4,0,4,24,1672192977
4,0,4,24,1672193242
4,0,4,24,1672193507
4,0,4,24,1672193773
4,0,4,24,1672194039
4,0,4,24,1672194568
4,0,4,24,1672194835
4,0,4,24,1672195099
4,0,4,24,1672195366
4,0,4,24,1672195634
4,0,4,24,1672195899
4,0,4,24,1672196165
4,0,4,24,1672196700
4,0,4,24,1672196969
4,0,4,24,1672197237
4,0,4,24,1672197508
4,0,4,24,1672197770
4,0,4,24,1672198034
4,0,4,24,1672198304
4,0,4,24,1672198570
4,0,4,24,1672198835
4,0,4,24,1672199370
4,0,4,24,1672199634
4,0,4,24,1672199901
4,0,4,24,1672200167
4,0,4,24,1672200433
4,0,4,24,1672200694
4,0,4,24,1672200962
3,0,3,25,1672201490
3,0,3,25,1672201754
3,0,3,25,1672202017
3,0,3,25,1672202281
3,0,3,25,1672202543
3,0,3,25,1672202802
3,0,3,25,1672203066
3,0,3,25,1672203328
3,0,3,25,1672203850
3,0,3,25,1672204113
3,0,3,25,1672204380
3,0,3,25,1672204645
3,0,3,25,1672204914
3,0,3,25,1672205181
3,0,3,25,1672205448
3,0,3,25,1672205981
3,0,3,25,1672206246
3,0,3,25,1672206514
3,0,3,25,1672206777
3,0,3,25,1672207042
3,0,3,25,1672207306
3,0,3,25,1672207571
3,0,3,25,1672207833
3,0,3,25,1672208359
3,0,3,25,1672208623
3,0,3,25,1672208887
3,0,3,25,1672209153
3,0,3,25,1672209418
3,0,3,25,1672209683
3,0,3,25,1672209948
4,0,4,24,1672210484
4,0,4,24,1672210752
4,0,4,24,1672211020
4,0,4,24,1672211289
6,0,6,22,1672211556
6,0,6,22,1672211823
6,0,6,22,1672212087
6,0,6,22,1672212356
7,0,7,21,1672212632
7,0,7,21,1672213161
8,0,8,20,1672213428
9,1,8,19,1672213691
9,1,8,19,1672213958
14,1,13,14,1672214224
14,1,13,14,1672214490
16,2,14,12,1672214754
17,2,15,11,1672215282
17,2,15,11,1672215544
18,2,16,10,1672215810
17,2,15,11,1672216076
17,2,15,11,1672216343
17,2,15,11,1672216613
17,2,15,11,1672216879
18,2,16,10,1672217142
18,2,16,10,1672217676
18,2,16,10,1672217936
17,2,15,11,1672218203
16,2,14,12,1672218466
16,2,14,12,1672218733
15,2,13,13,1672218995
15,2,13,13,1672219262
16,2,14,12,1672219794
15,2,13,13,1672220056
15,2,13,13,1672220316
17,2,15,11,1672220580
17,2,15,11,1672220843
18,2,16,10,1672221105
18,2,16,10,1672221367
18,2,16,10,1672221889
19,2,17,9,1672222155
19,2,17,9,1672222420
20,2,18,8,1672222688
20,2,18,8,1672222952
19,2,17,9,1672223217
19,2,17,9,1672223481
18,2,16,10,1672223998
18,2,16,10,1672224256
20,2,18,8,1672224514
21,2,19,7,1672224773
21,2,19,7,1672225035
22,2,20,6,1672225294
22,2,20,6,1672225555
22,2,20,6,1672226072
22,2,20,6,1672226331
22,2,20,6,1672226591
22,2,20,6,1672226852
22,2,20,6,1672227112
22,2,20,6,1672227372
22,2,20,6,1672227897
23,2,21,5,1672228158
23,2,21,5,1672228417
23,2,21,5,1672228682
23,2,21,5,1672228947
23,2,21,5,1672229212
23,2,21,5,1672229477
22,2,20,6,1672229741
22,2,20,6,1672230269
22,2,20,6,1672230537
23,2,21,5,1672230804
23,2,21,5,1672231066
23,2,21,5,1672231338
22,2,20,6,1672231600
22,2,20,6,1672231861
19,0,19,7,1672232126
17,2,15,11,1672232654
17,2,15,11,1672232918
17,2,15,11,1672233185
14,0,14,14,1672233452
13,0,13,15,1672233715
11,0,11,17,1672233982
11,0,11,17,1672234244
12,0,12,16,1672234781
12,0,12,16,1672235050
12,0,12,16,1672235319
12,0,12,16,1672235582
12,0,12,16,1672235846
11,0,11,16,1672236114
12,0,12,15,1672236378
13,0,13,15,1672236644
14,0,14,14,1672237179
14,0,14,14,1672237446
14,0,14,14,1672237715
15,0,15,13,1672237982
16,0,16,12,1672238247
15,0,15,13,1672238506
17,0,17,11,1672238769
17,0,17,11,1672239032
17,0,17,11,1672239565
19,0,19,9,1672239829
19,0,19,9,1672240092
20,0,20,8,1672240358
21,0,21,7,1672240626
22,0,22,6,1672240887
22,0,22,6,1672241154
21,0,21,7,1672241686
20,0,20,8,1672241949
20,0,20,8,1672242216
19,0,19,9,1672242478
19,0,19,9,1672242745
18,0,18,10,1672243010
17,0,17,11,1672243274
17,0,17,11,1672243538
18,0,18,10,1672244070
19,0,19,9,1672244333
19,0,19,9,1672244597
19,0,19,9,1672244858
20,0,20,8,1672245128
20,0,20,8,1672245394
20,0,20,8,1672245658
20,0,20,8,1672246188
20,0,20,8,1672246454
20,0,20,8,1672246719
20,0,20,8,1672246986
19,0,19,9,1672247247
20,0,20,8,1672247511
20,0,20,8,1672247772
20,0,20,8,1672248040
22,0,22,6,1672248568
21,0,21,7,1672248829
21,0,21,7,1672249089
20,0,20,8,1672249351
18,0,18,10,1672249611
18,0,18,10,1672249871
18,0,18,10,1672250138
16,0,16,12,1672250666
16,0,16,12,1672250927
16,0,16,12,1672251191
16,0,16,12,1672251452
16,0,16,12,1672251714
16,0,16,12,1672251980
16,0,16,12,1672252244
16,0,16,12,1672252768
16,0,16,12,1672253031
15,0,15,13,1672253294
14,0,14,14,1672253562
15,0,15,13,1672253829
14,0,14,14,1672254093
14,0,14,14,1672254360
14,0,14,14,1672254622
15,0,15,13,1672255158
15,0,15,13,1672255421
14,0,14,14,1672255689
11,0,11,17,1672255951
7,0,7,21,1672256216
6,0,6,22,1672256480
5,0,5,23,1672256744
5,0,5,23,1672257269
4,0,4,24,1672257535
2,0,2,26,1672257801
1,0,1,27,1672258066
1,0,1,27,1672258332
1,0,1,27,1672258596
1,0,1,27,1672258859
1,0,1,27,1672259381
1,0,1,27,1672259650
1,0,1,27,1672259918
1,0,1,27,1672260181
1,0,1,27,1672260447
1,0,1,27,1672260712
1,0,1,27,1672260976
1,0,1,27,1672261241
1,0,1,27,1672261769
1,0,1,27,1672262028
1,0,1,27,1672262287
1,0,1,27,1672262547
1,0,1,27,1672262808
1,0,1,27,1672263072
1,0,1,27,1672263596
1,0,1,27,1672263854
1,0,1,27,1672264116
1,0,1,27,1672264378
1,0,1,27,1672264638
1,0,1,27,1672264897
1,0,1,27,1672265161
1,0,1,27,1672265686
1,0,1,27,1672265948
1,0,1,27,1672266212
1,0,1,27,1672266477
1,0,1,27,1672266747
1,0,1,27,1672267010
1,0,1,27,1672267276
1,0,1,27,1672267541
1,0,1,27,1672268066
1,0,1,27,1672268330
1,0,1,27,1672268595
1,0,1,27,1672268857
1,0,1,27,1672269120
1,0,1,27,1672269380
1,0,1,27,1672269640
1,0,1,27,1672270163
1,0,1,27,1672270422
1,0,1,27,1672270683
1,0,1,27,1672270950
1,0,1,27,1672271208
1,0,1,27,1672271474
1,0,1,27,1672271739
1,0,1,27,1672272269
1,0,1,27,1672272530
1,0,1,27,1672272796
1,0,1,27,1672273060
1,0,1,27,1672273326
1,0,1,27,1672273593
1,0,1,27,1672273855
1,0,1,27,1672274390
1,0,1,27,1672274653
1,0,1,27,1672274918
1,0,1,27,1672275186
1,0,1,27,1672275449
1,0,1,27,1672275710
1,0,1,27,1672275972
1,0,1,27,1672276272
1,0,1,27,1672276531
1,0,1,27,1672277050
1,0,1,27,1672277308
1,0,1,27,1672277572
1,0,1,27,1672277832
1,0,1,27,1672278133
1,0,1,27,1672278403
1,0,1,27,1672278675
1,0,1,27,1672278943
1,0,1,27,1672279479
1,0,1,27,1672279748
1,0,1,27,1672280014
1,0,1,27,1672280279
1,0,1,27,1672280547
1,0,1,27,1672280810
1,0,1,27,1672281071
1,0,1,27,1672281332
1,0,1,27,1672281859
1,0,1,27,1672282123
2,0,2,26,1672282387
2,0,2,26,1672282651
2,0,2,26,1672282919
2,0,2,26,1672283186
2,0,2,26,1672283453
2,0,2,26,1672283721
2,0,2,26,1672284255
2,0,2,26,1672284518
2,0,2,26,1672284782
2,0,2,26,1672285049
2,0,2,26,1672285316
2,0,2,26,1672285583
2,0,2,26,1672285848
2,0,2,26,1672286371
2,0,2,26,1672286637
2,0,2,26,1672286900
2,0,2,26,1672287159
2,0,2,26,1672287419
3,0,3,25,1672287683
3,0,3,25,1672287945
3,0,3,25,1672288471
3,0,3,25,1672288736
3,0,3,25,1672289000
3,0,3,25,1672289268
3,0,3,25,1672289534
3,0,3,25,1672289798
3,0,3,25,1672290063
3,0,3,25,1672290330
3,0,3,25,1672290863
3,0,3,25,1672291131
3,0,3,25,1672291397
3,0,3,25,1672291660
3,0,3,25,1672291927
3,0,3,25,1672292192
3,0,3,25,1672292455
3,0,3,25,1672292981
3,0,3,25,1672293241
3,0,3,25,1672293505
3,0,3,25,1672293767
3,0,3,25,1672294030
3,0,3,25,1672294294
3,0,3,25,1672294560
3,0,3,25,1672294823
3,0,3,25,1672295352
3,0,3,25,1672295618
3,0,3,25,1672295882
3,0,3,25,1672296146
3,0,3,25,1672296412
3,0,3,25,1672296680
3,0,3,25,1672296946
3,0,3,25,1672297486
4,1,3,24,1672297749
4,1,3,24,1672298018
4,1,3,24,1672298286
4,1,3,24,1672298551
4,1,3,24,1672298815
4,1,3,24,1672299083
4,1,3,24,1672299347
4,1,3,24,1672299873
4,1,3,24,1672300133
5,1,4,23,1672300394
6,1,5,22,1672300659
12,1,11,16,1672300922
15,1,14,13,1672301187
16,2,14,12,1672301451
18,2,16,10,1672301978
20,2,18,8,1672302244
19,1,18,9,1672302504
19,1,18,9,1672302775
19,1,18,9,1672303039
19,1,18,9,1672303303
19,1,18,9,1672303565
21,1,20,7,1672304089
21,1,20,7,1672304354
22,1,21,6,1672304623
23,1,22,5,1672304887
24,1,23,4,1672305150
24,1,23,4,1672305416
23,1,22,5,1672305680
23,1,22,5,1672305945
22,1,21,6,1672306475
22,1,21,6,1672306742
23,1,22,5,1672307008
25,1,24,3,1672307276
27,1,26,1,1672307545
27,1,26,1,1672307810
27,1,26,1,1672308074
27,1,26,1,1672308343
28,1,27,0,1672308870
23,0,23,5,1672309138
24,0,24,4,1672309406
24,0,24,4,1672309673
24,0,24,4,1672309937
24,0,24,4,1672310202
24,0,24,4,1672310469
24,0,24,4,1672311000
24,0,24,4,1672311270
25,0,25,3,1672311535
25,0,25,3,1672311799
25,0,25,3,1672312067
25,0,25,3,1672312331
25,0,25,3,1672312595
25,0,25,3,1672312858
25,0,25,3,1672313388
25,0,25,3,1672313649
24,0,24,4,1672313918
22,0,22,6,1672314180
22,0,22,6,1672314446
22,0,22,6,1672314706
22,0,22,6,1672314971
22,0,22,6,1672315495
21,0,21,7,1672315756
21,0,21,7,1672316022
21,0,21,7,1672316280
21,0,21,7,1672316545
19,0,19,9,1672316809
18,0,18,10,1672317073
18,0,18,10,1672317339
18,0,18,10,1672317870
16,0,16,12,1672318136
15,0,15,13,1672318401
15,0,15,13,1672318667
14,0,14,14,1672318935
14,0,14,14,1672319201
13,0,13,15,1672319469
9,0,9,19,1672319737
9,0,9,19,1672320273
9,0,9,19,1672320542
9,0,9,19,1672320810
8,0,8,20,1672321077
9,0,9,19,1672321342
9,0,9,19,1672321606
10,0,10,18,1672321872
10,0,10,18,1672322140
10,0,10,18,1672322676
12,0,12,16,1672322941
13,0,13,15,1672323212
13,0,13,15,1672323478
15,0,15,13,1672323743
16,0,16,12,1672324009
15,0,15,13,1672324273
15,0,15,11,1672324543
15,0,15,11,1672325075
16,0,16,11,1672325341
17,0,17,10,1672325608
17,0,17,10,1672325876
17,0,17,10,1672326141
19,0,19,8,1672326406
22,0,22,6,1672326672
22,0,22,6,1672326937
22,0,22,6,1672327466
23,0,23,5,1672327730
23,0,23,5,1672327997
23,0,23,5,1672328259
21,0,21,7,1672328523
21,0,21,7,1672328789
22,0,22,6,1672329056
23,0,23,5,1672329585
22,0,22,6,1672329846
23,0,23,5,1672330112
23,0,23,5,1672330374
24,0,24,4,1672330635
24,0,24,4,1672330900
23,0,23,5,1672331161
21,0,21,7,1672331690
21,0,21,7,1672331955
21,0,21,7,1672332217
22,0,22,6,1672332486
21,0,21,7,1672332749
18,0,18,10,1672333015
18,0,18,10,1672333278
17,0,17,11,1672333541
17,0,17,11,1672334071
17,0,17,11,1672334333
16,0,16,12,1672334598
17,0,17,11,1672334863
17,0,17,11,1672335125
16,0,16,12,1672335389
16,0,16,12,1672335654
17,0,17,11,1672336184
14,0,14,14,1672336451
9,0,9,19,1672336713
8,0,8,20,1672336977
7,0,7,21,1672337238
7,0,7,21,1672337501
6,0,6,22,1672337764
5,0,5,23,1672338023
3,0,3,25,1672338548
3,0,3,25,1672338815
3,0,3,25,1672339078
0,0,0,28,1672339341
0,0,0,28,1672339607
0,0,0,28,1672339871
0,0,0,28,1672340137
0,0,0,28,1672340671
0,0,0,28,1672340935
0,0,0,28,1672341201
0,0,0,28,1672341470
0,0,0,28,1672341732
0,0,0,28,1672341993
1,0,1,27,1672342251
1,0,1,27,1672342774
1,0,1,27,1672343036
1,0,1,27,1672343299
1,0,1,27,1672343562
1,0,1,27,1672343823
0,0,0,28,1672344082
1,0,1,27,1672344345
1,0,1,27,1672344868
2,0,2,26,1672345127
2,0,2,26,1672345395
2,0,2,26,1672345662
1,0,1,27,1672345928
1,0,1,27,1672346195
1,0,1,27,1672346461
1,0,1,27,1672346993
1,0,1,27,1672347256
0,0,0,28,1672347521
0,0,0,28,1672347782
0,0,0,28,1672348050
0,0,0,28,1672348309
0,0,0,28,1672348573
0,0,0,28,1672348833
0,0,0,28,1672349362
0,0,0,28,1672349628
0,0,0,28,1672349891
0,0,0,28,1672350154
0,0,0,28,1672350417
0,0,0,28,1672350682
0,0,0,28,1672350942
0,0,0,28,1672351472
0,0,0,28,1672351736
0,0,0,28,1672352001
0,0,0,28,1672352268
0,0,0,28,1672352533
0,0,0,28,1672352798
0,0,0,28,1672353063
0,0,0,28,1672353326
3,0,3,25,1672353857
2,0,2,26,1672354125
1,0,1,27,1672354390
1,0,1,27,1672354656
1,0,1,27,1672354920
1,0,1,27,1672355183
1,0,1,27,1672355450
1,0,1,27,1672355978
1,0,1,27,1672356242
2,0,2,26,1672356503
2,0,2,26,1672356764
2,0,2,26,1672357028
2,0,2,26,1672357289
0,0,0,28,1672357554
0,0,0,28,1672358079
0,0,0,28,1672358346
1,0,1,27,1672358610
1,0,1,27,1672358874
1,0,1,27,1672359142
1,0,1,27,1672359405
1,0,1,27,1672359668
1,0,1,27,1672359931
1,0,1,27,1672360453
1,0,1,27,1672360715
1,0,1,27,1672360977
1,0,1,27,1672361239
1,0,1,27,1672361504
1,0,1,27,1672361768
1,0,1,27,1672362293
1,0,1,27,1672362552
1,0,1,27,1672362816
1,0,1,27,1672363077
1,0,1,27,1672363339
1,0,1,27,1672363598
1,0,1,27,1672363860
1,0,1,27,1672364383
1,0,1,27,1672364383
1,0,1,27,1672364941
1,0,1,27,1672365202
1,0,1,27,1672365463
1,0,1,27,1672365722
2,0,2,26,1672365983
2,0,2,26,1672366241
2,0,2,26,1672366545
2,0,2,26,1672367081
2,0,2,26,1672367349
2,0,2,26,1672367617
2,0,2,26,1672367886
2,0,2,26,1672368152
2,0,2,26,1672368418
2,0,2,26,1672368686
2,0,2,26,1672368952
2,0,2,26,1672369489
2,0,2,26,1672369754
2,0,2,26,1672370020
2,0,2,26,1672370283
2,0,2,26,1672370544
2,0,2,26,1672370811
2,0,2,26,1672371076
2,0,2,26,1672371339
2,0,2,26,1672371870
2,0,2,26,1672372133
2,0,2,26,1672372400
2,0,2,26,1672372663
1,0,1,27,1672372926
1,0,1,27,1672373193
1,0,1,27,1672373459
1,0,1,27,1672373726
1,0,1,27,1672374253
1,0,1,27,1672374513
1,0,1,27,1672374776
1,0,1,27,1672375041
1,0,1,27,1672375309
1,0,1,27,1672375570
1,0,1,27,1672375831
1,0,1,27,1672376360
1,0,1,27,1672376625
1,0,1,27,1672376895
1,0,1,27,1672377163
1,0,1,27,1672377430
1,0,1,27,1672377697
1,0,1,27,1672377962
1,0,1,27,1672378227
1,0,1,27,1672378760
1,0,1,27,1672379028
1,0,1,27,1672379296
1,0,1,27,1672379562
1,0,1,27,1672379827
1,0,1,27,1672380093
1,0,1,27,1672380360
1,0,1,27,1672380626
1,0,1,27,1672381161
1,0,1,27,1672381427
1,0,1,27,1672381689
1,0,1,27,1672381955
1,0,1,27,1672382223
1,0,1,27,1672382488
1,0,1,27,1672382754
1,0,1,27,1672383016
1,0,1,27,1672383546
1,0,1,27,1672383805
1,0,1,27,1672384072
1,0,1,27,1672384334
1,0,1,27,1672384601
1,0,1,27,1672384865
1,0,1,27,1672385130
1,0,1,27,1672385661
1,0,1,27,1672385931
2,0,2,26,1672386195
2,0,2,26,1672386461
2,0,2,26,1672386728
2,0,2,26,1672386994
4,0,4,24,1672387262
5,0,5,23,1672387528
5,0,5,23,1672388055
5,0,5,23,1672388321
5,0,5,23,1672388588
6,0,6,22,1672388853
5,0,5,23,1672389119
7,0,7,21,1672389380
8,0,8,20,1672389641
8,0,8,20,1672390172
8,0,8,20,1672390432
7,0,7,21,1672390697
8,0,8,20,1672390960
8,0,8,20,1672391223
9,0,9,19,1672391486
9,0,9,19,1672391747
10,0,10,18,1672392274
9,0,9,19,1672392537
9,0,9,19,1672392801
9,0,9,19,1672393063
9,0,9,19,1672393328
10,0,10,18,1672393594
12,2,10,16,1672393859
12,2,10,16,1672394125
13,2,11,15,1672394655
14,2,12,14,1672394925
14,2,12,14,1672395191
14,2,12,14,1672395457
14,2,12,14,1672395726
14,2,12,14,1672395995
15,2,13,13,1672396260
17,2,15,11,1672396527
16,2,14,12,1672397058
16,2,14,12,1672397327
16,2,14,12,1672397594
16,2,14,12,1672397860
16,2,14,12,1672398127
16,2,14,12,1672398395
16,2,14,12,1672398662
15,2,13,13,1672398926
15,2,13,13,1672399456
15,2,13,13,1672399717
16,2,14,12,1672399985
16,2,14,12,1672400254
16,2,14,12,1672400520
15,2,13,13,1672400781
14,2,12,14,1672401047
14,2,12,14,1672401578
14,2,12,14,1672401844
14,2,12,14,1672402107
13,2,11,15,1672402375
12,1,11,15,1672402640
12,1,11,16,1672402908
11,1,10,17,1672403176
11,0,11,17,1672403439
11,0,11,17,1672403970
11,0,11,17,1672404236
12,0,12,16,1672404502
12,0,12,16,1672404771
12,0,12,16,1672405030
12,0,12,16,1672405295
11,0,11,17,1672405559
10,0,10,18,1672405823
11,0,11,17,1672406351
12,0,12,16,1672406615
11,0,11,17,1672406874
10,0,10,18,1672407137
10,0,10,18,1672407401
10,0,10,18,1672407668
9,0,9,19,1672407933
11,0,11,17,1672408466
11,0,11,17,1672408729
13,0,13,15,1672408994
13,0,13,15,1672409254
13,0,13,15,1672409519
13,0,13,15,1672409783
13,0,13,15,1672410047
14,0,14,14,1672410573
14,0,14,14,1672410840
15,0,15,13,1672411106
15,0,15,13,1672411368
16,0,16,12,1672411633
16,0,16,12,1672411902
16,0,16,12,1672412164
16,0,16,12,1672412430
16,0,16,12,1672412958
16,0,16,12,1672413225
16,0,16,12,1672413492
16,0,16,12,1672413759
16,0,16,12,1672414026
16,0,16,12,1672414292
16,0,16,12,1672414559
17,0,17,11,1672415086
17,0,17,11,1672415350
17,0,17,11,1672415611
17,0,17,11,1672415873
16,0,16,12,1672416139
16,0,16,12,1672416404
16,0,16,12,1672416672
16,0,16,12,1672416938
16,0,16,12,1672417468
16,0,16,12,1672417732
16,0,16,12,1672417997
15,0,15,13,1672418265
15,0,15,13,1672418529
16,0,16,12,1672418798
16,0,16,12,1672419062
16,0,16,12,1672419327
16,0,16,12,1672419860
17,0,17,11,1672420125
17,0,17,11,1672420389
17,0,17,11,1672420656
16,0,16,12,1672420922
16,0,16,12,1672421189
16,0,16,12,1672421452
18,0,18,10,1672421982
19,0,19,9,1672422247
19,0,19,9,1672422515
20,0,20,8,1672422781
17,0,17,11,1672423050
18,0,18,10,1672423314
15,0,15,13,1672423582
13,0,13,15,1672423845
13,0,13,15,1672424375
13,0,13,15,1672424635
13,0,13,15,1672424900
13,0,13,15,1672425163
13,0,13,15,1672425430
12,0,12,16,1672425697
12,0,12,16,1672425963
12,0,12,16,1672426229
12,0,12,16,1672426761
12,0,12,16,1672427030
12,0,12,16,1672427296
12,0,12,16,1672427564
12,0,12,16,1672427831
11,0,11,17,1672428094
10,0,10,18,1672428360
8,0,8,20,1672428625
7,0,7,21,1672429160
7,0,7,21,1672429429
7,0,7,21,1672429695
7,0,7,21,1672429959
5,0,5,23,1672430222
4,0,4,24,1672430490
3,0,3,25,1672430758
3,0,3,25,1672431291
3,0,3,25,1672431557
3,0,3,25,1672431825
3,0,3,25,1672432093
3,0,3,25,1672432361
2,0,2,26,1672432627
1,0,1,27,1672432893
1,0,1,27,1672433157
1,0,1,27,1672433426
1,0,1,27,1672433955
1,0,1,27,1672434219
1,0,1,27,1672434483
1,0,1,27,1672434746
1,0,1,27,1672435008
1,0,1,27,1672435273
1,0,1,27,1672435534
1,0,1,27,1672436060
1,0,1,27,1672436326
1,0,1,27,1672436586
1,0,1,27,1672436847
3,0,3,25,1672437110
3,0,3,25,1672437377
3,0,3,25,1672437641
3,0,3,25,1672438167
3,0,3,25,1672438433
3,0,3,25,1672438700
4,0,4,24,1672438963
4,0,4,24,1672439225
4,0,4,24,1672439493
4,0,4,24,1672439757
4,0,4,24,1672440021
4,0,4,24,1672440547
4,0,4,24,1672440814
4,0,4,24,1672441074
4,0,4,24,1672441339
4,0,4,24,1672441606
4,0,4,24,1672441875
4,0,4,24,1672442141
4,0,4,24,1672442674
4,0,4,24,1672442941
5,0,5,23,1672443209
7,0,7,21,1672443472
7,0,7,21,1672443740
7,0,7,21,1672444008
7,0,7,21,1672444277
7,0,7,21,1672444540
7,0,7,21,1672445077
7,0,7,21,1672445343
7,0,7,21,1672445612
7,0,7,21,1672445877
7,0,7,21,1672446143
7,0,7,21,1672446406
7,0,7,21,1672446673
7,0,7,21,1672446941
7,0,7,21,1672447468
7,0,7,21,1672447737
7,0,7,21,1672448001
7,0,7,21,1672448268
7,0,7,21,1672448536
7,0,7,21,1672448807
7,0,7,21,1672449075
7,0,7,21,1672449345
7,0,7,21,1672449876
7,0,7,21,1672450143
7,0,7,21,1672450412
7,0,7,21,1672450679
7,0,7,21,1672450947
7,0,7,21,1672451215
7,0,7,21,1672451483
7,0,7,21,1672451749
7,0,7,21,1672452017
7,0,7,21,1672452552
7,0,7,21,1672452853
7,0,7,21,1672453114
7,0,7,21,1672453372
7,0,7,21,1672453633
7,0,7,21,1672453895
7,0,7,21,1672454153
7,0,7,21,1672454414
7,0,7,21,1672454714
7,0,7,21,1672455249
7,0,7,21,1672455510
7,0,7,21,1672455774
7,0,7,21,1672456042
7,0,7,21,1672456305
7,0,7,21,1672456571
7,0,7,21,1672456839
7,0,7,21,1672457371
7,0,7,21,1672457636
7,0,7,21,1672457903
7,0,7,21,1672458168
7,0,7,21,1672458437
7,0,7,21,1672458703
7,0,7,21,1672458967
7,0,7,21,1672459234
7,0,7,21,1672459768
7,0,7,21,1672460037
7,0,7,21,1672460303
7,0,7,21,1672460571
7,0,7,21,1672460839
7,0,7,21,1672461103
7,0,7,21,1672461371
7,0,7,21,1672461639
7,0,7,21,1672462171
7,0,7,21,1672462439
7,0,7,21,1672462706
7,0,7,21,1672462973
7,0,7,21,1672463240
7,0,7,21,1672463503
7,0,7,21,1672463771
7,0,7,21,1672464041
7,0,7,21,1672464575
7,0,7,21,1672464843
7,0,7,21,1672465112
7,0,7,21,1672465380
7,0,7,21,1672465646
7,0,7,21,1672465913
7,0,7,21,1672466176
7,0,7,21,1672466445
7,0,7,21,1672466981
7,0,7,21,1672467248
7,0,7,21,1672467517
7,0,7,21,1672467785
7,0,7,21,1672468051
6,0,6,22,1672468319
6,0,6,22,1672468585
6,0,6,22,1672468853
6,0,6,22,1672469391
6,0,6,22,1672469659
6,0,6,22,1672469927
6,0,6,22,1672470193
6,0,6,22,1672470461
6,0,6,22,1672470729
6,0,6,22,1672470997
6,0,6,22,1672471263
5,0,5,23,1672471530
5,0,5,23,1672472065
5,0,5,23,1672472334
6,0,6,22,1672472601
6,0,6,22,1672472868
6,0,6,22,1672473136
7,0,7,21,1672473403
7,0,7,21,1672473671
7,0,7,21,1672473938
7,0,7,21,1672474467
7,0,7,21,1672474731
7,0,7,21,1672475000
7,0,7,21,1672475267
7,0,7,21,1672475531
6,0,6,22,1672475800
7,0,7,21,1672476065
7,0,7,21,1672476330
7,0,7,21,1672476862
7,0,7,21,1672477127
7,0,7,21,1672477394
8,0,8,20,1672477663
7,0,7,21,1672477931
8,0,8,20,1672478196
8,0,8,20,1672478460
8,0,8,20,1672478730
8,0,8,20,1672479264
8,0,8,20,1672479529
8,0,8,20,1672479794
9,0,9,19,1672480060
9,0,9,19,1672480326
9,0,9,19,1672480594
9,0,9,19,1672480863
9,0,9,19,1672481130
9,0,9,19,1672481664
9,0,9,19,1672481932
10,0,10,18,1672482200
10,0,10,18,1672482463
10,0,10,18,1672482731
10,0,10,18,1672482996
10,0,10,18,1672483261
10,0,10,18,1672483789
9,0,9,19,1672484054
9,0,9,19,1672484322
9,0,9,19,1672484589
9,0,9,19,1672484858
9,0,9,19,1672485125
9,0,9,19,1672485391
8,0,8,20,1672485659
8,0,8,20,1672485928
8,0,8,20,1672486462
8,0,8,20,1672486726
8,0,8,20,1672486994
8,0,8,20,1672487261
8,0,8,20,1672487530
8,0,8,20,1672487797
9,0,9,19,1672488063
9,0,9,19,1672488329
9,0,9,19,1672488862
12,0,12,16,1672489124
12,0,12,16,1672489394
12,0,12,15,1672489660
12,0,12,15,1672489925
10,0,10,17,1672490190
9,0,9,18,1672490459
9,0,9,18,1672490990
8,0,8,19,1672491254
9,0,9,18,1672491521
9,0,9,18,1672491789
10,0,10,18,1672492054
11,0,11,17,1672492324
11,0,11,17,1672492592
11,0,11,17,1672492860
12,0,12,16,1672493127
12,0,12,16,1672493659
12,0,12,16,1672493925
12,0,12,16,1672494195
12,0,12,16,1672494459
12,0,12,16,1672494725
12,0,12,16,1672494992
12,0,12,16,1672495260
12,0,12,16,1672495529
12,0,12,16,1672496064
12,0,12,16,1672496327
11,0,11,17,1672496592
11,0,11,17,1672496860
11,0,11,17,1672497125
11,0,11,17,1672497393
11,0,11,17,1672497657
11,0,11,17,1672497924
11,0,11,17,1672498456
12,0,12,16,1672498723
12,0,12,16,1672498990
11,0,11,17,1672499259
12,0,12,16,1672499528
12,0,12,16,1672499797
12,0,12,16,1672500064
12,0,12,16,1672500332
12,0,12,16,1672500862
12,0,12,16,1672501131
12,0,12,16,1672501398
13,0,13,15,1672501658
13,0,13,15,1672501926
14,0,14,14,1672502193
13,0,13,15,1672502461
12,0,12,16,1672502729
12,0,12,16,1672503260
11,0,11,17,1672503527
11,0,11,17,1672503796
11,0,11,17,1672504063
9,0,9,19,1672504329
9,0,9,19,1672504596
9,0,9,19,1672504861
9,0,9,19,1672505393
9,0,9,19,1672505661
9,0,9,19,1672505928
9,0,9,19,1672506189
9,0,9,19,1672506451
9,0,9,19,1672506719
9,0,9,19,1672506988
9,0,9,19,1672507254
9,0,9,19,1672507520
9,0,9,19,1672508059
9,0,9,19,1672508325
9,0,9,19,1672508590
9,0,9,19,1672508858
9,0,9,19,1672509125
9,0,9,19,1672509390
9,0,9,19,1672509656
9,0,9,19,1672509922
9,0,9,19,1672510456
9,0,9,19,1672510724
9,0,9,19,1672510994
9,0,9,19,1672511258
10,0,10,18,1672511525
10,0,10,18,1672511791
10,0,10,18,1672512061
10,0,10,18,1672512329
10,0,10,18,1672512863
10,0,10,18,1672513131
10,0,10,18,1672513398
10,0,10,18,1672513665
10,0,10,18,1672513931
10,0,10,18,1672514196
10,0,10,18,1672514460
10,0,10,18,1672514728
10,0,10,18,1672515264
10,0,10,18,1672515528
10,0,10,18,1672515796
10,0,10,18,1672516058
10,0,10,18,1672516324
10,0,10,18,1672516590
10,0,10,18,1672516858
10,0,10,18,1672517388
10,0,10,18,1672517654
10,0,10,18,1672517935
10,0,10,18,1672518200
10,0,10,18,1672518467
10,0,10,18,1672518733
10,0,10,18,1672518999
10,0,10,18,1672519260
10,0,10,18,1672519523
10,0,10,18,1672520054
10,0,10,18,1672520323
10,0,10,18,1672520589
10,0,10,18,1672520855
10,0,10,18,1672521121
10,0,10,18,1672521389
10,0,10,18,1672521657
10,0,10,18,1672522192
10,0,10,18,1672522460
10,0,10,18,1672522725
9,0,9,19,1672522991
9,0,9,19,1672523259
9,0,9,19,1672523525
9,0,9,19,1672523793
9,0,9,19,1672524061
9,0,9,19,1672524329
9,0,9,19,1672524861
9,0,9,19,1672525123
9,0,9,19,1672525391
9,0,9,19,1672525657
9,0,9,19,1672525924
9,0,9,19,1672526189
9,0,9,19,1672526454
9,0,9,19,1672526722
9,0,9,19,1672527257
9,0,9,19,1672527521
9,0,9,19,1672527789
9,0,9,19,1672528057
9,0,9,19,1672528324
